-------------------------------------------------------------------------------
                      CUTE SNR CALCULATIONS
-------------------------------------------------------------------------------

Input Parameters 

Stellar Parameters 

Stellar Temperature(K)  : 5344
Stellar Radius (R_sun)  : 0.876
Stellar Distance (mas)  : 273.8097
Target RA (deg)         : 26.0167
Target Declination (deg): -15.9375


Instrument Parameters 

Spectral Resolution (A) : 0.8
Spectrum Width (pix)    : 10
in cross-disp direction 
Readout Noise (e/pix)   : 3.6
Dark Noise (e/pix/s)    : 0.012
Exposure Time (s)       : 300
Read Time (s)           : 20

Transit Parameters 

Transit Duration (hrs)  : 162
Number of Transits      : 15

Input Files 

Stellar Model file      : LL model:.\models\t05300g4.4/model.flx
Wavelength file         : .\extra\wavelength.txt
Effective area file     : .\extra\eff_area.txt
-------------------------------------------------------------------------------
                        CUTE SNR OUTPUTS
-------------------------------------------------------------------------------
Wavelength Region [A]			 SNR	 Uncertainty in Transit Depth [ppm]
                                             1 Transit	15 Transits
-------------------------------------------------------------------------------
Full Band [2518.9-3331.1]		79204.2383	0.4182	0.108
Lower Band [2518.5-2788.84]		22744.5552	1.4565	0.3761
Mid Band [2789.24-3059.57]		38661.6398	0.8568	0.2212
Upper Band [3059.97-3331.1]		38661.6398	0.8568	0.2212
MgII Band [2792.81-2804.72]		2277.9025	14.5427	3.7549
MgI Band [2849.97-2853.54]		1243.1409	26.6478	6.8804
FeII Band [2582.81-2586.78]		1913.7568	17.3099	4.4694
User Band 1 [2599.88-2699.52]		16533.4612	1.4168	0.3658
User Band 2 [2649.9-2749.54]		17415.4003	1.345	0.3473
-------------------------------------------------------------------------------
Radius uncertanitiy
Wavelength Region [A]			 Uncertainty in Radius [ppm] for 1 Transits
-------------------------------------------------------------------------------
Full Band [2518.9-3331.1]		0.679
Lower Band [2518.5-2788.84]		2.3644
Mid Band [2789.24-3059.57]		1.3909
Upper Band [3059.97-3331.1]		1.3909
MgII Band [2792.81-2804.72]		23.6078
MgI Band [2849.97-2853.54]		43.2584
FeII Band [2582.81-2586.78]		28.0998
User Band 1 [2599.88-2699.52]		3.2526
User Band 2 [2649.9-2749.54]		3.0879
2518.5			46787.3167		216.6862		215.922
2518.9			46787.3167		216.6862		215.922
2519.29			39969.061		200.3364		199.5098
2519.69			39969.061		200.3364		199.5098
2520.09			41469.9606		204.0479		203.2364
2520.48			41469.9606		204.0479		203.2364
2520.88			52461.1098		229.4051		228.6833
2521.28			52461.1098		229.4051		228.6833
2521.68			69584.7395		264.1029		263.4759
2522.07			69584.7395		264.1029		263.4759
2522.47			56532.62		238.1139		237.4184
2522.87			56532.62		238.1139		237.4184
2523.26			56596.2784		238.2475		237.5524
2523.66			56596.2784		238.2475		237.5524
2524.06			32431.4224		180.5465		179.6292
2524.45			32431.4224		180.5465		179.6292
2524.85			45044.4113		212.6265		211.8476
2525.25			45044.4113		212.6265		211.8476
2525.65			45218.4122		213.0352		212.2579
2526.04			45218.4122		213.0352		212.2579
2526.44			83217.2016		288.7608		288.1873
2526.84			83217.2016		288.7608		288.1873
2527.23			92990.8292		305.2154		304.6728
2527.63			92990.8292		305.2154		304.6728
2528.03			56854.8268		238.7895		238.096
2528.42			56854.8268		238.7895		238.096
2528.82			37825.4407		194.9129		194.0633
2529.22			37825.4407		194.9129		194.0633
2529.62			32698.9131		181.2857		180.3722
2530.01			32698.9131		181.2857		180.3722
2530.41			41466.9722		204.0406		203.229
2530.81			41466.9722		204.0406		203.229
2531.2			66832.0417		258.839		258.1992
2531.6			66832.0417		258.839		258.1992
2532.0			118943.3534		345.1217		344.6418
2532.39			118943.3534		345.1217		344.6418
2532.79			130119.656		360.9505		360.4917
2533.19			130119.656		360.9505		360.4917
2533.58			123335.1499		351.4267		350.9555
2533.98			123335.1499		351.4267		350.9555
2534.38			154655.2015		393.4727		393.0519
2534.78			154655.2015		393.4727		393.0519
2535.17			120238.9084		346.9935		346.5163
2535.57			120238.9084		346.9935		346.5163
2535.97			127274.6244		356.9877		356.5238
2536.36			127274.6244		356.9877		356.5238
2536.76			78670.1119		280.777		280.1872
2537.16			78670.1119		280.777		280.1872
2537.55			99617.6427		315.8849		315.3606
2537.95			99617.6427		315.8849		315.3606
2538.35			116906.3887		342.1578		341.6739
2538.75			116906.3887		342.1578		341.6739
2539.14			169273.0829		411.6293		411.227
2539.54			169273.0829		411.6293		411.227
2539.94			99778.5407		316.1394		315.6156
2540.33			99778.5407		316.1394		315.6156
2540.73			130569.0836		361.5725		361.1145
2541.13			130569.0836		361.5725		361.1145
2541.52			124306.3637		352.8058		352.3365
2541.92			124306.3637		352.8058		352.3365
2542.32			81788.6702		286.2766		285.6981
2542.72			81788.6702		286.2766		285.6981
2543.11			110958.4351		333.3527		332.8559
2543.51			110958.4351		333.3527		332.8559
2543.91			123234.5683		351.2836		350.8122
2544.3			123234.5683		351.2836		350.8122
2544.7			132601.6009		364.3723		363.9179
2545.1			132601.6009		364.3723		363.9179
2545.49			151784.8147		389.8082		389.3834
2545.89			151784.8147		389.8082		389.3834
2546.29			147967.619		384.8808		384.4505
2546.69			147967.619		384.8808		384.4505
2547.08			73096.2552		270.6693		270.0575
2547.48			73096.2552		270.6693		270.0575
2547.88			124615.1681		353.2432		352.7744
2548.27			124615.1681		353.2432		352.7744
2548.67			219374.8451		468.5514		468.198
2549.07			219374.8451		468.5514		468.198
2549.46			145617.0603		381.815		381.3812
2549.86			145617.0603		381.815		381.3812
2550.26			119032.8356		345.2513		344.7716
2550.65			119032.8356		345.2513		344.7716
2551.05			112142.1305		335.1235		334.6293
2551.45			112142.1305		335.1235		334.6293
2551.85			136337.4213		369.4632		369.0149
2552.24			136337.4213		369.4632		369.0149
2552.64			243743.9094		493.872		493.5366
2553.04			243743.9094		493.872		493.5366
2553.43			431915.6256		657.3289		657.0769
2553.83			431915.6256		657.3289		657.0769
2554.23			139996.1076		374.3818		373.9394
2554.62			139996.1076		374.3818		373.9394
2555.02			216641.9447		465.626		465.2703
2555.42			216641.9447		465.626		465.2703
2555.82			292466.6278		540.9549		540.6488
2556.21			292466.6278		540.9549		540.6488
2556.61			438490.8304		662.3114		662.0614
2557.01			438490.8304		662.3114		662.0614
2557.4			300144.9561		548.006		547.7038
2557.8			300144.9561		548.006		547.7038
2558.2			153299.3741		391.7461		391.3233
2558.59			153299.3741		391.7461		391.3233
2558.99			247171.9241		497.3304		496.9974
2559.39			247171.9241		497.3304		496.9974
2559.79			462020.2383		679.8425		679.5989
2560.18			462020.2383		679.8425		679.5989
2560.58			386633.6676		621.9319		621.6656
2560.98			386633.6676		621.9319		621.6656
2561.37			256503.0177		506.6247		506.2979
2561.77			256503.0177		506.6247		506.2979
2562.17			267782.4123		517.637		517.317
2562.56			267782.4123		517.637		517.317
2562.96			320990.8296		566.7067		566.4144
2563.36			320990.8296		566.7067		566.4144
2563.75			150015.8453		387.5325		387.1052
2564.15			150015.8453		387.5325		387.1052
2564.55			163411.4319		404.4466		404.0371
2564.95			163411.4319		404.4466		404.0371
2565.34			243327.6528		493.4504		493.1148
2565.74			243327.6528		493.4504		493.1148
2566.14			210282.6955		458.7464		458.3855
2566.53			210282.6955		458.7464		458.3855
2566.93			287390.2794		536.2424		535.9336
2567.33			287390.2794		536.2424		535.9336
2567.72			269612.8506		519.402		519.0832
2568.12			269612.8506		519.402		519.0832
2568.52			485753.9782		697.0793		696.8418
2568.92			485753.9782		697.0793		696.8418
2569.31			258049.6351		508.1488		507.8229
2569.71			258049.6351		508.1488		507.8229
2570.11			234219.4884		484.1333		483.7913
2570.5			234219.4884		484.1333		483.7913
2570.9			636218.5742		797.7369		797.5293
2571.3			636218.5742		797.7369		797.5293
2571.69			751964.2026		867.2542		867.0632
2572.09			751964.2026		867.2542		867.0632
2572.49			614470.3687		783.9872		783.776
2572.89			614470.3687		783.9872		783.776
2573.28			596817.5601		772.6469		772.4325
2573.68			596817.5601		772.6469		772.4325
2574.08			621123.3963		788.2189		788.0088
2574.47			621123.3963		788.2189		788.0088
2574.87			804652.4275		897.1165		896.9319
2575.27			804652.4275		897.1165		896.9319
2575.66			487829.8924		698.5667		698.3297
2576.06			487829.8924		698.5667		698.3297
2576.46			204487.3422		452.3858		452.0198
2576.85			204487.3422		452.3858		452.0198
2577.25			150199.5401		387.7694		387.3424
2577.65			150199.5401		387.7694		387.3424
2578.05			339242.666		582.5876		582.3033
2578.44			339242.666		582.5876		582.3033
2578.84			469258.5082		685.1453		684.9036
2579.24			469258.5082		685.1453		684.9036
2579.63			817419.0237		904.2039		904.0207
2580.03			817419.0237		904.2039		904.0207
2580.43			556275.884		745.9501		745.7281
2580.82			556275.884		745.9501		745.7281
2581.22			633905.3349		796.2857		796.0777
2581.62			633905.3349		796.2857		796.0777
2582.02			842672.7486		918.0623		917.8819
2582.41			842672.7486		918.0623		917.8819
2582.81			519610.971		720.9553		720.7256
2583.21			519610.971		720.9553		720.7256
2583.6			327714.5743		572.6082		572.319
2584.0			327714.5743		572.6082		572.319
2584.4			429906.5998		655.7989		655.5464
2584.79			429906.5998		655.7989		655.5464
2585.19			352404.5031		593.7761		593.4972
2585.59			352404.5031		593.7761		593.4972
2585.99			219559.5166		468.7485		468.3952
2586.38			219559.5166		468.7485		468.3952
2586.78			114164.0687		338.1267		337.6369
2587.18			114164.0687		338.1267		337.6369
2587.57			173442.6127		416.6632		416.2657
2587.97			173442.6127		416.6632		416.2657
2588.37			332937.0795		577.1505		576.8636
2588.76			332937.0795		577.1505		576.8636
2589.16			333927.0084		578.0074		577.7209
2589.56			333927.0084		578.0074		577.7209
2589.96			636396.8372		797.8486		797.6411
2590.35			636396.8372		797.8486		797.6411
2590.75			860222.4016		927.571		927.3925
2591.15			860222.4016		927.571		927.3925
2591.54			830341.5603		911.3217		911.1399
2591.94			830341.5603		911.3217		911.1399
2592.34			403382.4553		635.2543		634.9936
2592.73			403382.4553		635.2543		634.9936
2593.13			345631.4941		588.0451		587.7635
2593.53			345631.4941		588.0451		587.7635
2593.92			488918.8951		699.3458		699.109
2594.32			488918.8951		699.3458		699.109
2594.72			188351.5295		434.1856		433.8042
2595.12			188351.5295		434.1856		433.8042
2595.51			382999.7586		619.0035		618.736
2595.91			382999.7586		619.0035		618.736
2596.31			489810.3267		699.9828		699.7462
2596.7			489810.3267		699.9828		699.7462
2597.1			474157.5609		688.7112		688.4708
2597.5			474157.5609		688.7112		688.4708
2597.89			408136.5042		638.9852		638.7261
2598.29			408136.5042		638.9852		638.7261
2598.69			228291.3275		477.9717		477.6252
2599.09			228291.3275		477.9717		477.6252
2599.48			83457.969		289.1774		288.6047
2599.88			83457.969		289.1774		288.6047
2600.28			62098.663		249.5281		248.8644
2600.67			62098.663		249.5281		248.8644
2601.07			106027.511		325.8728		325.3647
2601.47			106027.511		325.8728		325.3647
2601.86			237094.1125		487.0931		486.7531
2602.26			237094.1125		487.0931		486.7531
2602.66			336022.3734		579.8172		579.5316
2603.06			336022.3734		579.8172		579.5316
2603.45			467602.8647		683.936		683.6939
2603.85			467602.8647		683.936		683.6939
2604.25			520127.9275		721.3138		721.0842
2604.64			520127.9275		721.3138		721.0842
2605.04			495561.5411		704.0789		703.8437
2605.44			495561.5411		704.0789		703.8437
2605.83			624394.951		790.2914		790.0819
2606.23			624394.951		790.2914		790.0819
2606.63			221044.5898		470.3299		469.9778
2607.02			221044.5898		470.3299		469.9778
2607.42			207335.5554		455.5229		455.1594
2607.82			207335.5554		455.5229		455.1594
2608.22			110411.6364		332.5316		332.0336
2608.61			110411.6364		332.5316		332.0336
2609.01			281299.6078		530.5329		530.2208
2609.41			281299.6078		530.5329		530.2208
2609.8			546246.0201		739.1966		738.9726
2610.2			546246.0201		739.1966		738.9726
2610.6			495355.3671		703.9325		703.6973
2610.99			495355.3671		703.9325		703.6973
2611.39			346049.6506		588.4006		588.1191
2611.79			346049.6506		588.4006		588.1191
2612.19			174107.7607		417.4606		417.0639
2612.58			174107.7607		417.4606		417.0639
2612.98			102906.6554		321.0487		320.5329
2613.38			102906.6554		321.0487		320.5329
2613.77			190978.7342		437.2006		436.8218
2614.17			190978.7342		437.2006		436.8218
2614.57			159885.4401		400.0638		399.6499
2614.96			159885.4401		400.0638		399.6499
2615.36			212747.4711		461.425		461.0662
2615.76			212747.4711		461.425		461.0662
2616.16			585051.6021		764.9949		764.7784
2616.55			585051.6021		764.9949		764.7784
2616.95			532440.8857		729.7989		729.572
2617.35			532440.8857		729.7989		729.572
2617.74			537403.7085		733.1912		732.9653
2618.14			537403.7085		733.1912		732.9653
2618.54			217689.1519		466.7491		466.3943
2618.93			217689.1519		466.7491		466.3943
2619.33			245783.9211		495.933		495.5991
2619.73			245783.9211		495.933		495.5991
2620.12			451015.5868		671.7002		671.4537
2620.52			451015.5868		671.7002		671.4537
2620.92			713112.271		844.5578		844.3617
2621.32			713112.271		844.5578		844.3617
2621.71			540826.0916		735.5214		735.2962
2622.11			540826.0916		735.5214		735.2962
2622.51			429591.5087		655.5586		655.306
2622.9			429591.5087		655.5586		655.306
2623.3			535750.3822		732.0628		731.8366
2623.7			535750.3822		732.0628		731.8366
2624.09			803413.9428		896.426		896.2412
2624.49			803413.9428		896.426		896.2412
2624.89			448110.3168		669.5341		669.2868
2625.29			448110.3168		669.5341		669.2868
2625.68			571840.0753		756.3106		756.0916
2626.08			571840.0753		756.3106		756.0916
2626.48			262826.05		512.8271		512.5042
2626.87			262826.05		512.8271		512.5042
2627.27			205681.0649		453.7033		453.3383
2627.67			205681.0649		453.7033		453.3383
2628.06			311631.5885		558.388		558.0915
2628.46			311631.5885		558.388		558.0915
2628.86			275750.8863		525.2775		524.9623
2629.26			275750.8863		525.2775		524.9623
2629.65			176069.0646		419.8031		419.4087
2630.05			176069.0646		419.8031		419.4087
2630.45			427012.3209		653.5885		653.3351
2630.84			427012.3209		653.5885		653.3351
2631.24			294039.1529		542.4064		542.1011
2631.64			294039.1529		542.4064		542.1011
2632.03			131588.5882		362.9796		362.5234
2632.43			131588.5882		362.9796		362.5234
2632.83			160514.087		400.8487		400.4356
2633.23			160514.087		400.8487		400.4356
2633.62			227058.7891		476.6806		476.3332
2634.02			227058.7891		476.6806		476.3332
2634.42			660554.125		812.8467		812.643
2634.81			660554.125		812.8467		812.643
2635.21			1212146.3675		1101.0504		1100.9
2635.61			1212146.3675		1101.0504		1100.9
2636.0			953129.7183		976.3684		976.1988
2636.4			953129.7183		976.3684		976.1988
2636.8			594979.7713		771.4567		771.242
2637.19			594979.7713		771.4567		771.242
2637.59			1010686.0028		1005.4112		1005.2465
2637.99			1010686.0028		1005.4112		1005.2465
2638.39			1720277.2616		1311.6565		1311.5303
2638.78			1720277.2616		1311.6565		1311.5303
2639.18			2155644.265		1468.2676		1468.1549
2639.58			2155644.265		1468.2676		1468.1549
2639.97			1692643.5856		1301.08		1300.9527
2640.37			1692643.5856		1301.08		1300.9527
2640.77			1432428.8676		1196.9104		1196.772
2641.16			1432428.8676		1196.9104		1196.772
2641.56			3625225.2991		1904.0459		1903.959
2641.96			3625225.2991		1904.0459		1903.959
2642.36			2739576.083		1655.2165		1655.1165
2642.75			2739576.083		1655.2165		1655.1165
2643.15			1129466.6899		1062.8416		1062.6858
2643.55			1129466.6899		1062.8416		1062.6858
2643.94			1010740.7124		1005.4384		1005.2737
2644.34			1010740.7124		1005.4384		1005.2737
2644.74			756564.7251		869.9025		869.7121
2645.13			756564.7251		869.9025		869.7121
2645.53			1254405.3081		1120.0763		1119.9284
2645.93			1254405.3081		1120.0763		1119.9284
2646.33			1259352.8266		1122.2827		1122.1351
2646.72			1259352.8266		1122.2827		1122.1351
2647.12			1172755.5014		1083.0148		1082.8619
2647.52			1172755.5014		1083.0148		1082.8619
2647.91			639620.5972		799.8664		799.6593
2648.31			639620.5972		799.8664		799.6593
2648.71			611862.1081		782.322		782.1103
2649.1			611862.1081		782.322		782.1103
2649.5			1177370.2052		1085.1432		1084.9906
2649.9			1177370.2052		1085.1432		1084.9906
2650.29			1063319.7057		1031.2542		1031.0937
2650.69			1063319.7057		1031.2542		1031.0937
2651.09			1691745.4908		1300.7348		1300.6075
2651.49			1691745.4908		1300.7348		1300.6075
2651.88			2056468.8631		1434.0971		1433.9816
2652.28			2056468.8631		1434.0971		1433.9816
2652.68			1070771.0418		1034.8607		1034.7007
2653.07			1070771.0418		1034.8607		1034.7007
2653.47			1426402.5222		1194.3903		1194.2516
2653.87			1426402.5222		1194.3903		1194.2516
2654.26			1711757.9914		1308.405		1308.2784
2654.66			1711757.9914		1308.405		1308.2784
2655.06			2649921.946		1627.9089		1627.8072
2655.46			2649921.946		1627.9089		1627.8072
2655.85			2326169.1856		1525.2327		1525.1241
2656.25			2326169.1856		1525.2327		1525.1241
2656.65			1703197.51		1305.1295		1305.0027
2657.04			1703197.51		1305.1295		1305.0027
2657.44			2150076.5659		1466.3704		1466.2575
2657.84			2150076.5659		1466.3704		1466.2575
2658.23			1953958.2426		1397.8998		1397.7813
2658.63			1953958.2426		1397.8998		1397.7813
2659.03			1569739.6452		1252.9586		1252.8264
2659.43			1569739.6452		1252.9586		1252.8264
2659.82			804197.5327		896.8629		896.6783
2660.22			804197.5327		896.8629		896.6783
2660.62			1405739.8896		1185.7089		1185.5692
2661.01			1405739.8896		1185.7089		1185.5692
2661.41			1227121.6518		1107.83		1107.6805
2661.81			1227121.6518		1107.83		1107.6805
2662.2			1412176.3884		1188.42		1188.2806
2662.6			1412176.3884		1188.42		1188.2806
2663.0			958304.7872		979.015		978.8459
2663.4			958304.7872		979.015		978.8459
2663.79			1438150.8476		1199.2983		1199.1602
2664.19			1438150.8476		1199.2983		1199.1602
2664.59			1090034.636		1044.1265		1043.9679
2664.98			1090034.636		1044.1265		1043.9679
2665.38			1073774.2916		1036.3107		1036.1509
2665.78			1073774.2916		1036.3107		1036.1509
2666.17			1712653.3456		1308.7471		1308.6206
2666.57			1712653.3456		1308.7471		1308.6206
2666.97			780407.9264		883.5007		883.3133
2667.36			780407.9264		883.5007		883.3133
2667.76			463909.3364		681.2305		680.9874
2668.16			463909.3364		681.2305		680.9874
2668.56			1108396.9487		1052.883		1052.7257
2668.95			1108396.9487		1052.883		1052.7257
2669.35			987476.0993		993.8016		993.635
2669.75			987476.0993		993.8016		993.635
2670.14			1280492.2627		1131.6615		1131.5152
2670.54			1280492.2627		1131.6615		1131.5152
2670.94			1117879.2422		1057.3764		1057.2198
2671.33			1117879.2422		1057.3764		1057.2198
2671.73			2684952.2545		1638.6329		1638.5319
2672.13			2684952.2545		1638.6329		1638.5319
2672.53			1214937.1827		1102.317		1102.1668
2672.92			1214937.1827		1102.317		1102.1668
2673.32			566492.8545		752.7672		752.5472
2673.72			566492.8545		752.7672		752.5472
2674.11			657621.1978		811.0406		810.8364
2674.51			657621.1978		811.0406		810.8364
2674.91			1922430.9404		1386.5773		1386.4578
2675.3			1922430.9404		1386.5773		1386.4578
2675.7			1667326.6306		1291.3141		1291.1859
2676.1			1667326.6306		1291.3141		1291.1859
2676.5			1658905.6655		1288.0494		1287.9208
2676.89			1658905.6655		1288.0494		1287.9208
2677.29			1125682.3399		1061.0598		1060.9037
2677.69			1125682.3399		1061.0598		1060.9037
2678.08			1370496.353		1170.7527		1170.6113
2678.48			1370496.353		1170.7527		1170.6113
2678.88			1584415.9074		1258.8016		1258.6701
2679.27			1584415.9074		1258.8016		1258.6701
2679.67			778646.4781		882.5033		882.3157
2680.07			778646.4781		882.5033		882.3157
2680.46			1457963.5503		1207.5302		1207.393
2680.86			1457963.5503		1207.5302		1207.393
2681.26			1506508.665		1227.4666		1227.3317
2681.66			1506508.665		1227.4666		1227.3317
2682.05			1339804.1121		1157.5706		1157.4275
2682.45			1339804.1121		1157.5706		1157.4275
2682.85			1656575.6865		1287.1446		1287.016
2683.24			1656575.6865		1287.1446		1287.016
2683.64			2641097.3915		1625.1963		1625.0944
2684.04			2641097.3915		1625.1963		1625.0944
2684.43			2374217.8344		1540.9034		1540.796
2684.83			2374217.8344		1540.9034		1540.796
2685.23			2106018.7825		1451.2699		1451.1558
2685.63			2106018.7825		1451.2699		1451.1558
2686.02			1257596.6565		1121.5		1121.3523
2686.42			1257596.6565		1121.5		1121.3523
2686.82			2485246.3733		1576.5189		1576.4139
2687.21			2485246.3733		1576.5189		1576.4139
2687.61			3217629.5033		1793.8214		1793.7291
2688.01			3217629.5033		1793.8214		1793.7291
2688.4			1918204.7046		1385.0525		1384.9329
2688.8			1918204.7046		1385.0525		1384.9329
2689.2			1635575.8916		1278.9611		1278.8316
2689.6			1635575.8916		1278.9611		1278.8316
2689.99			1435913.8293		1198.3653		1198.2271
2690.39			1435913.8293		1198.3653		1198.2271
2690.79			1019264.6376		1009.6684		1009.5044
2691.18			1019264.6376		1009.6684		1009.5044
2691.58			1239954.8548		1113.607		1113.4583
2691.98			1239954.8548		1113.607		1113.4583
2692.37			1428489.4903		1195.2636		1195.1251
2692.77			1428489.4903		1195.2636		1195.1251
2693.17			2250897.4613		1500.3543		1500.2439
2693.56			2250897.4613		1500.3543		1500.2439
2693.96			1214844.9487		1102.2752		1102.1249
2694.36			1214844.9487		1102.2752		1102.1249
2694.76			1399771.6281		1183.1894		1183.0495
2695.15			1399771.6281		1183.1894		1183.0495
2695.55			2001820.0966		1414.9154		1414.7984
2695.95			2001820.0966		1414.9154		1414.7984
2696.34			940342.0851		969.7978		969.627
2696.74			940342.0851		969.7978		969.627
2697.14			849357.7998		921.6959		921.5163
2697.53			849357.7998		921.6959		921.5163
2697.93			2068735.7756		1438.3676		1438.2525
2698.33			2068735.7756		1438.3676		1438.2525
2698.73			1458126.2918		1207.5976		1207.4604
2699.12			1458126.2918		1207.5976		1207.4604
2699.52			1355877.4775		1164.4926		1164.3504
2699.92			1355877.4775		1164.4926		1164.3504
2700.31			1616221.4591		1271.3721		1271.2419
2700.71			1616221.4591		1271.3721		1271.2419
2701.11			3340781.0897		1827.8257		1827.7351
2701.5			3340781.0897		1827.8257		1827.7351
2701.9			2616141.7427		1617.5003		1617.398
2702.3			2616141.7427		1617.5003		1617.398
2702.7			2232715.0737		1494.2827		1494.1718
2703.09			2232715.0737		1494.2827		1494.1718
2703.49			1888605.8751		1374.3258		1374.2053
2703.89			1888605.8751		1374.3258		1374.2053
2704.28			1816972.466		1348.0126		1347.8898
2704.68			1816972.466		1348.0126		1347.8898
2705.08			1625188.32		1274.8937		1274.7638
2705.47			1625188.32		1274.8937		1274.7638
2705.87			3124859.7258		1767.7741		1767.6804
2706.27			3124859.7258		1767.7741		1767.6804
2706.67			2495029.6733		1579.6187		1579.5139
2707.06			2495029.6733		1579.6187		1579.5139
2707.46			1225716.6731		1107.1957		1107.0461
2707.86			1225716.6731		1107.1957		1107.0461
2708.25			1174675.5478		1083.9009		1083.7481
2708.65			1174675.5478		1083.9009		1083.7481
2709.05			1502809.7416		1225.9589		1225.8239
2709.44			1502809.7416		1225.9589		1225.8239
2709.84			920108.7876		959.3093		959.1367
2710.24			920108.7876		959.3093		959.1367
2710.63			1095931.0064		1046.9463		1046.7882
2711.03			1095931.0064		1046.9463		1046.7882
2711.43			1206888.4296		1098.6601		1098.5094
2711.83			1206888.4296		1098.6601		1098.5094
2712.22			1095671.7591		1046.8225		1046.6643
2712.62			1095671.7591		1046.8225		1046.6643
2713.02			714729.2595		845.5146		845.3187
2713.41			714729.2595		845.5146		845.3187
2713.81			2279893.105		1509.9863		1509.8767
2714.21			2279893.105		1509.9863		1509.8767
2714.6			1128937.6863		1062.5927		1062.4369
2715.0			1128937.6863		1062.5927		1062.4369
2715.4			572347.1847		756.6457		756.4269
2715.8			572347.1847		756.6457		756.4269
2716.19			617190.8949		785.7204		785.5096
2716.59			617190.8949		785.7204		785.5096
2716.99			709719.8417		842.547		842.3504
2717.38			709719.8417		842.547		842.3504
2717.78			917796.7319		958.1035		957.9307
2718.18			917796.7319		958.1035		957.9307
2718.57			410894.4158		641.1396		640.8813
2718.97			410894.4158		641.1396		640.8813
2719.37			254912.2423		505.0523		504.7244
2719.77			254912.2423		505.0523		504.7244
2720.16			115406.1082		339.9584		339.4713
2720.56			115406.1082		339.9584		339.4713
2720.96			227695.6631		477.3482		477.0012
2721.35			227695.6631		477.3482		477.0012
2721.75			181511.7784		426.2363		425.8478
2722.15			181511.7784		426.2363		425.8478
2722.54			226209.3609		475.7888		475.4407
2722.94			226209.3609		475.7888		475.4407
2723.34			402972.7301		634.9318		634.6709
2723.73			402972.7301		634.9318		634.6709
2724.13			400732.4816		633.1651		632.9036
2724.53			400732.4816		633.1651		632.9036
2724.93			270053.8386		519.8264		519.5078
2725.32			270053.8386		519.8264		519.5078
2725.72			419479.6465		647.8003		647.5447
2726.12			419479.6465		647.8003		647.5447
2726.51			460177.0904		678.4856		678.2415
2726.91			460177.0904		678.4856		678.2415
2727.31			352859.8767		594.1595		593.8808
2727.7			352859.8767		594.1595		593.8808
2728.1			780003.0787		883.2716		883.0841
2728.5			780003.0787		883.2716		883.0841
2728.9			630572.8288		794.1904		793.9819
2729.29			630572.8288		794.1904		793.9819
2729.69			1062611.7768		1030.9109		1030.7503
2730.09			1062611.7768		1030.9109		1030.7503
2730.48			1674585.1902		1294.1216		1293.9937
2730.88			1674585.1902		1294.1216		1293.9937
2731.28			1013030.6984		1006.5765		1006.412
2731.67			1013030.6984		1006.5765		1006.412
2732.07			843695.9838		918.6194		918.4391
2732.47			843695.9838		918.6194		918.4391
2732.87			1095755.0535		1046.8623		1046.7041
2733.26			1095755.0535		1046.8623		1046.7041
2733.66			819854.8341		905.5498		905.3669
2734.06			819854.8341		905.5498		905.3669
2734.45			532894.6117		730.1097		729.8829
2734.85			532894.6117		730.1097		729.8829
2735.25			389073.8623		623.8906		623.6252
2735.64			389073.8623		623.8906		623.6252
2736.04			417179.2523		646.0223		645.766
2736.44			417179.2523		646.0223		645.766
2736.83			480514.1956		693.3107		693.0719
2737.23			480514.1956		693.3107		693.0719
2737.63			398886.4446		631.7057		631.4435
2738.03			398886.4446		631.7057		631.4435
2738.42			181556.2247		426.2884		425.9
2738.82			181556.2247		426.2884		425.9
2739.22			455909.5289		675.3333		675.0881
2739.61			455909.5289		675.3333		675.0881
2740.01			563223.6858		750.5926		750.372
2740.41			563223.6858		750.5926		750.372
2740.8			259386.1756		509.4622		509.1372
2741.2			259386.1756		509.4622		509.1372
2741.6			442280.4417		665.1662		664.9172
2742.0			442280.4417		665.1662		664.9172
2742.39			572053.6838		756.4518		756.2329
2742.79			572053.6838		756.4518		756.2329
2743.19			284054.8189		533.1233		532.8126
2743.58			284054.8189		533.1233		532.8126
2743.98			232021.0052		481.8575		481.5138
2744.38			232021.0052		481.8575		481.5138
2744.77			226361.0783		475.9482		475.6003
2745.17			226361.0783		475.9482		475.6003
2745.57			305644.7166		553.0012		552.7017
2745.97			305644.7166		553.0012		552.7017
2746.36			679690.3837		824.5338		824.333
2746.76			679690.3837		824.5338		824.333
2747.16			508514.2604		713.218		712.9858
2747.55			508514.2604		713.218		712.9858
2747.95			218407.2586		467.5178		467.1636
2748.35			218407.2586		467.5178		467.1636
2748.74			542887.248		736.9212		736.6965
2749.14			542887.248		736.9212		736.6965
2749.54			688819.1179		830.051		829.8515
2749.94			688819.1179		830.051		829.8515
2750.33			239495.4181		489.5519		489.2136
2750.73			239495.4181		489.5519		489.2136
2751.13			201550.1886		449.1278		448.7591
2751.52			201550.1886		449.1278		448.7591
2751.92			413405.7756		643.0952		642.8376
2752.32			413405.7756		643.0952		642.8376
2752.71			637253.7191		798.3854		798.178
2753.11			637253.7191		798.3854		798.178
2753.51			999877.0184		1000.0213		999.8557
2753.9			999877.0184		1000.0213		999.8557
2754.3			733833.1086		856.7372		856.544
2754.7			733833.1086		856.7372		856.544
2755.1			472209.1528		687.2952		687.0543
2755.49			472209.1528		687.2952		687.0543
2755.89			525298.4051		724.889		724.6605
2756.29			525298.4051		724.889		724.6605
2756.68			288567.2738		537.3387		537.0305
2757.08			288567.2738		537.3387		537.0305
2757.48			274230.0411		523.8279		523.5117
2757.87			274230.0411		523.8279		523.5117
2758.27			477887.0452		691.4135		691.174
2758.67			477887.0452		691.4135		691.174
2759.07			1107245.025		1052.3358		1052.1784
2759.46			1107245.025		1052.3358		1052.1784
2759.86			1766543.6243		1329.1761		1329.0516
2760.26			1766543.6243		1329.1761		1329.0516
2760.65			1127975.3171		1062.1398		1061.9839
2761.05			1127975.3171		1062.1398		1061.9839
2761.45			1469432.7934		1212.2699		1212.1333
2761.84			1469432.7934		1212.2699		1212.1333
2762.24			1174286.5917		1083.7215		1083.5686
2762.64			1174286.5917		1083.7215		1083.5686
2763.04			423960.3433		651.2495		650.9952
2763.43			423960.3433		651.2495		650.9952
2763.83			543911.3152		737.6157		737.3912
2764.23			543911.3152		737.6157		737.3912
2764.62			1463783.8218		1209.9378		1209.8009
2765.02			1463783.8218		1209.9378		1209.8009
2765.42			1144182.3622		1069.742		1069.5872
2765.81			1144182.3622		1069.742		1069.5872
2766.21			1467831.5376		1211.6093		1211.4726
2766.61			1467831.5376		1211.6093		1211.4726
2767.0			1480363.232		1216.7698		1216.6337
2767.4			1480363.232		1216.7698		1216.6337
2767.8			957752.0145		978.7327		978.5635
2768.2			957752.0145		978.7327		978.5635
2768.59			928145.9892		963.4893		963.3174
2768.99			928145.9892		963.4893		963.3174
2769.39			1052947.6919		1026.2131		1026.0517
2769.78			1052947.6919		1026.2131		1026.0517
2770.18			784788.8166		885.9765		885.7896
2770.58			784788.8166		885.9765		885.7896
2770.97			1181332.6068		1086.9674		1086.8151
2771.37			1181332.6068		1086.9674		1086.8151
2771.77			990762.5392		995.4537		995.2874
2772.17			990762.5392		995.4537		995.2874
2772.56			1228212.9161		1108.3224		1108.173
2772.96			1228212.9161		1108.3224		1108.173
2773.36			600016.0869		774.7139		774.5002
2773.75			600016.0869		774.7139		774.5002
2774.15			1140804.1609		1068.1619		1068.0068
2774.55			1140804.1609		1068.1619		1068.0068
2774.94			1039895.5869		1019.8339		1019.6715
2775.34			1039895.5869		1019.8339		1019.6715
2775.74			963618.1911		981.7249		981.5562
2776.14			963618.1911		981.7249		981.5562
2776.53			854899.8249		924.6975		924.5184
2776.93			854899.8249		924.6975		924.5184
2777.33			674376.5043		821.3051		821.1035
2777.72			674376.5043		821.3051		821.1035
2778.12			475704.8429		689.8336		689.5936
2778.52			475704.8429		689.8336		689.5936
2778.91			549137.6398		741.1499		740.9265
2779.31			549137.6398		741.1499		740.9265
2779.71			320461.6844		566.2396		565.9471
2780.1			320461.6844		566.2396		565.9471
2780.5			360219.6151		600.3209		600.0451
2780.9			360219.6151		600.3209		600.0451
2781.3			321200.6319		566.8917		566.5996
2781.69			321200.6319		566.8917		566.5996
2782.09			412764.3749		642.5963		642.3386
2782.49			412764.3749		642.5963		642.3386
2782.88			413935.0059		643.5065		643.2492
2783.28			413935.0059		643.5065		643.2492
2783.68			524759.6194		724.5172		724.2887
2784.07			524759.6194		724.5172		724.2887
2784.47			421445.0941		649.3156		649.0605
2784.87			421445.0941		649.3156		649.0605
2785.27			530174.513		728.2445		728.0171
2785.66			530174.513		728.2445		728.0171
2786.06			645898.595		803.7812		803.5752
2786.46			645898.595		803.7812		803.5752
2786.85			645544.1081		803.5606		803.3546
2787.25			645544.1081		803.5606		803.3546
2787.65			571766.2873		756.2618		756.0428
2788.04			571766.2873		756.2618		756.0428
2788.44			532678.1724		729.9615		729.7346
2788.84			532678.1724		729.9615		729.7346
2789.24			328747.328		573.5093		573.2206
2789.63			328747.328		573.5093		573.2206
2790.03			410906.8872		641.1493		640.8911
2790.43			410906.8872		641.1493		640.8911
2790.82			361853.2728		601.68		601.4048
2791.22			361853.2728		601.68		601.4048
2791.62			372278.7521		610.2822		610.0108
2792.01			372278.7521		610.2822		610.0108
2792.41			324683.1516		569.955		569.6645
2792.81			324683.1516		569.955		569.6645
2793.21			295374.9124		543.6364		543.3318
2793.6			295374.9124		543.6364		543.3318
2794.0			255662.7549		505.7948		505.4674
2794.4			255662.7549		505.7948		505.4674
2794.79			196017.318		442.9254		442.5515
2795.19			196017.318		442.9254		442.5515
2795.59			115622.4159		340.2764		339.7897
2795.98			115622.4159		340.2764		339.7897
2796.38			35781.2449		189.5965		188.7231
2796.78			35781.2449		189.5965		188.7231
2797.17			58913.7824		243.0625		242.3812
2797.57			58913.7824		243.0625		242.3812
2797.97			139273.6019		373.4156		372.9721
2798.37			139273.6019		373.4156		372.9721
2798.76			178307.3169		422.4606		422.0686
2799.16			178307.3169		422.4606		422.0686
2799.56			182910.4406		427.8739		427.4868
2799.95			182910.4406		427.8739		427.4868
2800.35			244656.1046		494.7946		494.4599
2800.75			244656.1046		494.7946		494.4599
2801.14			272067.3348		521.7595		521.4421
2801.54			272067.3348		521.7595		521.4421
2801.94			210597.4935		459.0894		458.7287
2802.34			210597.4935		459.0894		458.7287
2802.73			157951.2054		397.639		397.2226
2803.13			157951.2054		397.639		397.2226
2803.53			64047.8519		253.4037		252.7502
2803.92			64047.8519		253.4037		252.7502
2804.32			75797.718		275.6144		275.0136
2804.72			75797.718		275.6144		275.0136
2805.11			178820.7878		423.0678		422.6764
2805.51			178820.7878		423.0678		422.6764
2805.91			236414.6845		486.3952		486.0547
2806.31			236414.6845		486.3952		486.0547
2806.7			316770.9879		562.9712		562.6771
2807.1			316770.9879		562.9712		562.6771
2807.5			380913.3161		617.3159		617.0476
2807.89			380913.3161		617.3159		617.0476
2808.29			353275.474		594.5091		594.2306
2808.69			353275.474		594.5091		594.2306
2809.08			467240.2406		683.6709		683.4286
2809.48			467240.2406		683.6709		683.4286
2809.88			547866.8297		740.2921		740.0684
2810.27			547866.8297		740.2921		740.0684
2810.67			639565.705		799.832		799.625
2811.07			639565.705		799.832		799.625
2811.47			567145.8385		753.2008		752.9809
2811.86			567145.8385		753.2008		752.9809
2812.26			619002.5765		786.8724		786.6619
2812.66			619002.5765		786.8724		786.6619
2813.05			686834.3404		828.8546		828.6548
2813.45			686834.3404		828.8546		828.6548
2813.85			632812.2647		795.5991		795.3909
2814.24			632812.2647		795.5991		795.3909
2814.64			500287.4474		707.4271		707.193
2815.04			500287.4474		707.4271		707.193
2815.44			765081.4422		874.784		874.5947
2815.83			765081.4422		874.784		874.5947
2816.23			864053.2391		929.6337		929.4556
2816.63			864053.2391		929.6337		929.4556
2817.02			1021630.5084		1010.8393		1010.6755
2817.42			1021630.5084		1010.8393		1010.6755
2817.82			842407.1167		917.9176		917.7372
2818.21			842407.1167		917.9176		917.7372
2818.61			847132.3138		920.4879		920.308
2819.01			847132.3138		920.4879		920.308
2819.41			892616.5101		944.8715		944.6962
2819.8			892616.5101		944.8715		944.6962
2820.2			1116797.1442		1056.8646		1056.7079
2820.6			1116797.1442		1056.8646		1056.7079
2820.99			1568384.0472		1252.4175		1252.2853
2821.39			1568384.0472		1252.4175		1252.2853
2821.79			1321837.6973		1149.784		1149.64
2822.18			1321837.6973		1149.784		1149.64
2822.58			1123282.6125		1059.9284		1059.7722
2822.98			1123282.6125		1059.9284		1059.7722
2823.38			1281764.7504		1132.2236		1132.0774
2823.77			1281764.7504		1132.2236		1132.0774
2824.17			974226.1225		987.1128		986.9451
2824.57			974226.1225		987.1128		986.9451
2824.96			1627243.6248		1275.6995		1275.5697
2825.36			1627243.6248		1275.6995		1275.5697
2825.76			1447087.0659		1203.0181		1202.8805
2826.15			1447087.0659		1203.0181		1202.8805
2826.55			751826.7966		867.175		866.984
2826.95			751826.7966		867.175		866.984
2827.34			1197214.6075		1094.2487		1094.0974
2827.74			1197214.6075		1094.2487		1094.0974
2828.14			1722376.171		1312.4564		1312.3302
2828.54			1722376.171		1312.4564		1312.3302
2828.93			1150933.6341		1072.8929		1072.7386
2829.33			1150933.6341		1072.8929		1072.7386
2829.73			1066390.7956		1032.7422		1032.5818
2830.12			1066390.7956		1032.7422		1032.5818
2830.52			1576463.4686		1255.6389		1255.507
2830.92			1576463.4686		1255.6389		1255.507
2831.31			1261936.0944		1123.433		1123.2856
2831.71			1261936.0944		1123.433		1123.2856
2832.11			1610343.6787		1269.0584		1268.9279
2832.51			1610343.6787		1269.0584		1268.9279
2832.9			1228556.0324		1108.4772		1108.3278
2833.3			1228556.0324		1108.4772		1108.3278
2833.7			898190.095		947.8163		947.6416
2834.09			898190.095		947.8163		947.6416
2834.49			1581852.4372		1257.783		1257.6513
2834.89			1581852.4372		1257.783		1257.6513
2835.28			1222923.6986		1105.9337		1105.7839
2835.68			1222923.6986		1105.9337		1105.7839
2836.08			938968.9488		969.0895		968.9187
2836.48			938968.9488		969.0895		968.9187
2836.87			631483.1394		794.7633		794.555
2837.27			631483.1394		794.7633		794.555
2837.67			1193780.8934		1092.6786		1092.527
2838.06			1193780.8934		1092.6786		1092.527
2838.46			1534185.511		1238.6893		1238.5556
2838.86			1534185.511		1238.6893		1238.5556
2839.25			987915.4841		994.0227		993.8561
2839.65			987915.4841		994.0227		993.8561
2840.05			1176417.5765		1084.7042		1084.5515
2840.44			1176417.5765		1084.7042		1084.5515
2840.84			945252.3477		972.3261		972.1557
2841.24			945252.3477		972.3261		972.1557
2841.64			512659.0936		716.1178		715.8865
2842.03			512659.0936		716.1178		715.8865
2842.43			821264.6893		906.3279		906.1452
2842.83			821264.6893		906.3279		906.1452
2843.22			835172.4662		913.9683		913.7871
2843.62			835172.4662		913.9683		913.7871
2844.02			629325.8355		793.405		793.1962
2844.41			629325.8355		793.405		793.1962
2844.81			368649.9014		607.3018		607.0291
2845.21			368649.9014		607.3018		607.0291
2845.61			560330.349		748.6628		748.4416
2846.0			560330.349		748.6628		748.4416
2846.4			507689.2486		712.6394		712.407
2846.8			507689.2486		712.6394		712.407
2847.19			407648.6162		638.6033		638.344
2847.59			407648.6162		638.6033		638.344
2847.99			361178.8883		601.1194		600.8439
2848.38			361178.8883		601.1194		600.8439
2848.78			363085.9927		602.7036		602.4288
2849.18			363085.9927		602.7036		602.4288
2849.58			283219.3773		532.3392		532.0281
2849.97			283219.3773		532.3392		532.0281
2850.37			255710.9901		505.8425		505.5151
2850.77			255710.9901		505.8425		505.5151
2851.16			196176.5954		443.1052		442.7314
2851.56			196176.5954		443.1052		442.7314
2851.96			139307.7654		373.4613		373.0179
2852.35			139307.7654		373.4613		373.0179
2852.75			58602.1854		242.4207		241.7376
2853.15			58602.1854		242.4207		241.7376
2853.54			39436.9951		199.004		198.1719
2853.94			39436.9951		199.004		198.1719
2854.34			112841.4737		336.1652		335.6726
2854.74			112841.4737		336.1652		335.6726
2855.13			181771.2803		426.5406		426.1524
2855.53			181771.2803		426.5406		426.1524
2855.93			250007.5739		500.1731		499.8421
2856.32			250007.5739		500.1731		499.8421
2856.72			281496.0502		530.7181		530.406
2857.12			281496.0502		530.7181		530.406
2857.51			350511.1749		592.1797		591.9
2857.91			350511.1749		592.1797		591.9
2858.31			379495.8004		616.1667		615.8979
2858.71			379495.8004		616.1667		615.8979
2859.1			411906.2979		641.9283		641.6703
2859.5			411906.2979		641.9283		641.6703
2859.9			446553.9396		668.3708		668.123
2860.29			446553.9396		668.3708		668.123
2860.69			615144.4396		784.417		784.2059
2861.09			615144.4396		784.417		784.2059
2861.48			654974.5557		809.4073		809.2027
2861.88			654974.5557		809.4073		809.2027
2862.28			731178.4038		855.1865		854.9929
2862.68			731178.4038		855.1865		854.9929
2863.07			986946.7134		993.5353		993.3686
2863.47			986946.7134		993.5353		993.3686
2863.87			788566.3632		888.1058		887.9194
2864.26			788566.3632		888.1058		887.9194
2864.66			857592.4543		926.1523		925.9735
2865.06			857592.4543		926.1523		925.9735
2865.45			1190907.685		1091.363		1091.2113
2865.85			1190907.685		1091.363		1091.2113
2866.25			938164.219		968.6743		968.5033
2866.65			938164.219		968.6743		968.5033
2867.04			1368969.28		1170.1004		1169.9588
2867.44			1368969.28		1170.1004		1169.9588
2867.84			1055478.4045		1027.4454		1027.2842
2868.23			1055478.4045		1027.4454		1027.2842
2868.63			1176231.0818		1084.6182		1084.4655
2869.03			1176231.0818		1084.6182		1084.4655
2869.42			1557723.4012		1248.1542		1248.0216
2869.82			1557723.4012		1248.1542		1248.0216
2870.22			1136251.292		1066.0286		1065.8732
2870.61			1136251.292		1066.0286		1065.8732
2871.01			1685195.4888		1298.2146		1298.087
2871.41			1685195.4888		1298.2146		1298.087
2871.81			1943310.0682		1394.086		1393.9672
2872.2			1943310.0682		1394.086		1393.9672
2872.6			1852184.6939		1361.0108		1360.8891
2873.0			1852184.6939		1361.0108		1360.8891
2873.39			2026302.7332		1423.5408		1423.4244
2873.79			2026302.7332		1423.5408		1423.4244
2874.19			2515244.9993		1586.0046		1585.9002
2874.58			2515244.9993		1586.0046		1585.9002
2874.98			994370.9111		997.2645		997.0985
2875.38			994370.9111		997.2645		997.0985
2875.78			1518223.1262		1232.2292		1232.0948
2876.17			1518223.1262		1232.2292		1232.0948
2876.57			1482767.6807		1217.7575		1217.6215
2876.97			1482767.6807		1217.7575		1217.6215
2877.36			1612964.94		1270.0908		1269.9604
2877.76			1612964.94		1270.0908		1269.9604
2878.16			1899375.0586		1378.2382		1378.1181
2878.55			1899375.0586		1378.2382		1378.1181
2878.95			1392928.695		1180.2942		1180.1539
2879.35			1392928.695		1180.2942		1180.1539
2879.75			975125.3786		987.5682		987.4005
2880.14			975125.3786		987.5682		987.4005
2880.54			930145.2418		964.5262		964.3545
2880.94			930145.2418		964.5262		964.3545
2881.33			650884.2172		806.8766		806.6713
2881.73			650884.2172		806.8766		806.6713
2882.13			358944.4552		599.2579		598.9816
2882.52			358944.4552		599.2579		598.9816
2882.92			273191.0278		522.8352		522.5184
2883.32			273191.0278		522.8352		522.5184
2883.71			561693.0281		749.5723		749.3514
2884.11			561693.0281		749.5723		749.3514
2884.51			1024525.227		1012.2701		1012.1065
2884.91			1024525.227		1012.2701		1012.1065
2885.3			1562959.3737		1250.25		1250.1175
2885.7			1562959.3737		1250.25		1250.1175
2886.1			2997928.5823		1731.5006		1731.4049
2886.49			2997928.5823		1731.5006		1731.4049
2886.89			3531130.0179		1879.1742		1879.0861
2887.29			3531130.0179		1879.1742		1879.0861
2887.68			2480108.6311		1574.8886		1574.7835
2888.08			2480108.6311		1574.8886		1574.7835
2888.48			3056395.5157		1748.3024		1748.2076
2888.88			3056395.5157		1748.3024		1748.2076
2889.27			2332772.6755		1527.3959		1527.2875
2889.67			2332772.6755		1527.3959		1527.2875
2890.07			2305756.5376		1518.5263		1518.4173
2890.46			2305756.5376		1518.5263		1518.4173
2890.86			2275390.1035		1508.4945		1508.3847
2891.26			2275390.1035		1508.4945		1508.3847
2891.65			3767914.2332		1941.1543		1941.0689
2892.05			3767914.2332		1941.1543		1941.0689
2892.45			2903707.7802		1704.0755		1703.9783
2892.85			2903707.7802		1704.0755		1703.9783
2893.24			2346459.6717		1531.8699		1531.7618
2893.64			2346459.6717		1531.8699		1531.7618
2894.04			2020597.9188		1421.5356		1421.4191
2894.43			2020597.9188		1421.5356		1421.4191
2894.83			2368500.9621		1539.0473		1538.9397
2895.23			2368500.9621		1539.0473		1538.9397
2895.62			1905712.0238		1380.5353		1380.4153
2896.02			1905712.0238		1380.5353		1380.4153
2896.42			3185383.7085		1784.8107		1784.7179
2896.81			3185383.7085		1784.8107		1784.7179
2897.21			3869459.0405		1967.1362		1967.052
2897.61			3869459.0405		1967.1362		1967.052
2898.01			4695443.5458		2166.9354		2166.859
2898.4			4695443.5458		2166.9354		2166.859
2898.8			4689117.5456		2165.4753		2165.3988
2899.2			4689117.5456		2165.4753		2165.3988
2899.59			3716454.5848		1927.8538		1927.7679
2899.99			3716454.5848		1927.8538		1927.7679
2900.39			2124064.0337		1457.4737		1457.3601
2900.78			2124064.0337		1457.4737		1457.3601
2901.18			3542823.455		1882.2829		1882.195
2901.58			3542823.455		1882.2829		1882.195
2901.98			5182284.2918		2276.4995		2276.4267
2902.37			5182284.2918		2276.4995		2276.4267
2902.77			3574559.4726		1890.6943		1890.6067
2903.17			3574559.4726		1890.6943		1890.6067
2903.56			3947570.1058		1986.891		1986.8076
2903.96			3947570.1058		1986.891		1986.8076
2904.36			5345056.8758		2311.9737		2311.9021
2904.75			5345056.8758		2311.9737		2311.9021
2905.15			5138366.5348		2266.8331		2266.76
2905.55			5138366.5348		2266.8331		2266.76
2905.95			5002806.3833		2236.7324		2236.6584
2906.34			5002806.3833		2236.7324		2236.6584
2906.74			3676819.1781		1917.5466		1917.4602
2907.14			3676819.1781		1917.5466		1917.4602
2907.53			3411522.0396		1847.0754		1846.9858
2907.93			3411522.0396		1847.0754		1846.9858
2908.33			5005677.9645		2237.3743		2237.3002
2908.72			5005677.9645		2237.3743		2237.3002
2909.12			5075205.5866		2252.8584		2252.7849
2909.52			5075205.5866		2252.8584		2252.7849
2909.92			3955881.3853		1988.9814		1988.8981
2910.31			3955881.3853		1988.9814		1988.8981
2910.71			5887488.109		2426.4488		2426.3805
2911.11			5887488.109		2426.4488		2426.3805
2911.5			4153645.4013		2038.09		2038.0088
2911.9			4153645.4013		2038.09		2038.0088
2912.3			3112606.5684		1764.305		1764.2111
2912.69			3112606.5684		1764.305		1764.2111
2913.09			1729466.2057		1315.1547		1315.0288
2913.49			1729466.2057		1315.1547		1315.0288
2913.88			3895652.3019		1973.7826		1973.6987
2914.28			3895652.3019		1973.7826		1973.6987
2914.68			4580379.9064		2140.2209		2140.1435
2915.08			4580379.9064		2140.2209		2140.1435
2915.47			2647896.509		1627.2867		1627.185
2915.87			2647896.509		1627.2867		1627.185
2916.27			4395046.8534		2096.4762		2096.3972
2916.66			4395046.8534		2096.4762		2096.3972
2917.06			4944364.302		2223.6299		2223.5554
2917.46			4944364.302		2223.6299		2223.5554
2917.85			5041788.937		2245.4297		2245.356
2918.25			5041788.937		2245.4297		2245.356
2918.65			3103202.9369		1761.638		1761.544
2919.05			3103202.9369		1761.638		1761.544
2919.44			3119598.9491		1766.2855		1766.1918
2919.84			3119598.9491		1766.2855		1766.1918
2920.24			6205309.1106		2491.079		2491.0125
2920.63			6205309.1106		2491.079		2491.0125
2921.03			4843115.1595		2200.7455		2200.6703
2921.43			4843115.1595		2200.7455		2200.6703
2921.82			4172306.2983		2042.6629		2042.5819
2922.22			4172306.2983		2042.6629		2042.5819
2922.62			6084754.0371		2466.763		2466.6959
2923.02			6084754.0371		2466.763		2466.6959
2923.41			4333836.6839		2081.8267		2081.7471
2923.81			4333836.6839		2081.8267		2081.7471
2924.21			2456885.7187		1567.4984		1567.3928
2924.6			2456885.7187		1567.4984		1567.3928
2925.0			2091660.8258		1446.3148		1446.2003
2925.4			2091660.8258		1446.3148		1446.2003
2925.79			3895046.2916		1973.6291		1973.5452
2926.19			3895046.2916		1973.6291		1973.5452
2926.59			3448518.2448		1857.0632		1856.9741
2926.98			3448518.2448		1857.0632		1856.9741
2927.38			2372839.6577		1540.4562		1540.3487
2927.78			2372839.6577		1540.4562		1540.3487
2928.18			3611950.5854		1900.5568		1900.4697
2928.57			3611950.5854		1900.5568		1900.4697
2928.97			3278060.2418		1810.5872		1810.4957
2929.37			3278060.2418		1810.5872		1810.4957
2929.76			1586506.0862		1259.6316		1259.5001
2930.16			1586506.0862		1259.6316		1259.5001
2930.56			2447871.3017		1564.6204		1564.5145
2930.95			2447871.3017		1564.6204		1564.5145
2931.35			5510828.4758		2347.5507		2347.4801
2931.75			5510828.4758		2347.5507		2347.4801
2932.15			4601053.281		2145.0452		2144.968
2932.54			4601053.281		2145.0452		2144.968
2932.94			4980618.9021		2231.7671		2231.6929
2933.34			4980618.9021		2231.7671		2231.6929
2933.73			4410433.2808		2100.1426		2100.0637
2934.13			4410433.2808		2100.1426		2100.0637
2934.53			3364746.8678		1834.3698		1834.2795
2934.92			3364746.8678		1834.3698		1834.2795
2935.32			4369495.6154		2090.3735		2090.2942
2935.72			4369495.6154		2090.3735		2090.2942
2936.12			4449977.3212		2109.5362		2109.4577
2936.51			4449977.3212		2109.5362		2109.4577
2936.91			3498720.7346		1870.531		1870.4425
2937.31			3498720.7346		1870.531		1870.4425
2937.7			671714.9883		819.6832		819.4812
2938.1			671714.9883		819.6832		819.4812
2938.5			982612.2259		991.3515		991.1845
2938.89			982612.2259		991.3515		991.1845
2939.29			2150739.7542		1466.5965		1466.4836
2939.69			2150739.7542		1466.5965		1466.4836
2940.08			2224500.1676		1491.5313		1491.4203
2940.48			2224500.1676		1491.5313		1491.4203
2940.88			3216285.8012		1793.4468		1793.3545
2941.28			3216285.8012		1793.4468		1793.3545
2941.67			2809044.0498		1676.0697		1675.9709
2942.07			2809044.0498		1676.0697		1675.9709
2942.47			1507008.0458		1227.67		1227.5351
2942.86			1507008.0458		1227.67		1227.5351
2943.26			3078369.9373		1754.5756		1754.4812
2943.66			3078369.9373		1754.5756		1754.4812
2944.05			4880512.8576		2209.2258		2209.1508
2944.45			4880512.8576		2209.2258		2209.1508
2944.85			2997235.0635		1731.3003		1731.2046
2945.25			2997235.0635		1731.3003		1731.2046
2945.64			2839301.4192		1685.0718		1684.9735
2946.04			2839301.4192		1685.0718		1684.9735
2946.44			4817178.0654		2194.8448		2194.7693
2946.83			4817178.0654		2194.8448		2194.7693
2947.23			5322593.6952		2307.1106		2307.0388
2947.63			5322593.6952		2307.1106		2307.0388
2948.02			3187739.2218		1785.4705		1785.3777
2948.42			3187739.2218		1785.4705		1785.3777
2948.82			601621.1787		775.7492		775.5357
2949.22			601621.1787		775.7492		775.5357
2949.61			904960.8338		951.3813		951.2073
2950.01			904960.8338		951.3813		951.2073
2950.41			1767427.5512		1329.5086		1329.3841
2950.8			1767427.5512		1329.5086		1329.3841
2951.2			3540029.8771		1881.5407		1881.4527
2951.6			3540029.8771		1881.5407		1881.4527
2951.99			5242504.0612		2289.6877		2289.6154
2952.39			5242504.0612		2289.6877		2289.6154
2952.79			4261258.475		2064.3217		2064.2415
2953.19			4261258.475		2064.3217		2064.2415
2953.58			5137274.6625		2266.5922		2266.5192
2953.98			5137274.6625		2266.5922		2266.5192
2954.38			2314930.3064		1521.5439		1521.4351
2954.77			2314930.3064		1521.5439		1521.4351
2955.17			592283.1456		769.7069		769.4918
2955.57			592283.1456		769.7069		769.4918
2955.96			2633437.52		1622.838		1622.7359
2956.36			2633437.52		1622.838		1622.7359
2956.76			5824443.0528		2413.4226		2413.354
2957.15			5824443.0528		2413.4226		2413.354
2957.55			3143633.739		1773.0762		1772.9828
2957.95			3143633.739		1773.0762		1772.9828
2958.35			901869.6868		949.7554		949.581
2958.74			901869.6868		949.7554		949.581
2959.14			2515313.675		1586.0263		1585.9218
2959.54			2515313.675		1586.0263		1585.9218
2959.93			4374922.0435		2091.671		2091.5918
2960.33			4374922.0435		2091.671		2091.5918
2960.73			3446359.0874		1856.4818		1856.3926
2961.12			3446359.0874		1856.4818		1856.3926
2961.52			3528796.6401		1878.5532		1878.4651
2961.92			3528796.6401		1878.5532		1878.4651
2962.32			4983800.4106		2232.4798		2232.4056
2962.71			4983800.4106		2232.4798		2232.4056
2963.11			4812919.8465		2193.8745		2193.799
2963.51			4812919.8465		2193.8745		2193.799
2963.9			5677537.9834		2382.7932		2382.7237
2964.3			5677537.9834		2382.7932		2382.7237
2964.7			4072019.6666		2017.9656		2017.8836
2965.09			4072019.6666		2017.9656		2017.8836
2965.49			3235636.4907		1798.8335		1798.7415
2965.89			3235636.4907		1798.8335		1798.7415
2966.29			885678.2284		941.1928		941.0168
2966.68			885678.2284		941.1928		941.0168
2967.08			758541.1817		871.0378		870.8476
2967.48			758541.1817		871.0378		870.8476
2967.87			409382.0737		639.9591		639.7004
2968.27			409382.0737		639.9591		639.7004
2968.67			943549.2749		971.4499		971.2794
2969.06			943549.2749		971.4499		971.2794
2969.46			2263106.6179		1504.4176		1504.3075
2969.86			2263106.6179		1504.4176		1504.3075
2970.25			1990134.2047		1410.7799		1410.6625
2970.65			1990134.2047		1410.7799		1410.6625
2971.05			628160.6646		792.6703		792.4614
2971.45			628160.6646		792.6703		792.4614
2971.84			1415963.7272		1190.0123		1189.8732
2972.24			1415963.7272		1190.0123		1189.8732
2972.64			3179390.0089		1783.1308		1783.038
2973.03			3179390.0089		1783.1308		1783.038
2973.43			1732568.8581		1316.3337		1316.2079
2973.83			1732568.8581		1316.3337		1316.2079
2974.22			456222.3882		675.5649		675.3198
2974.62			456222.3882		675.5649		675.3198
2975.02			1402935.6505		1184.5257		1184.3859
2975.42			1402935.6505		1184.5257		1184.3859
2975.81			3276477.2421		1810.15		1810.0585
2976.21			3276477.2421		1810.15		1810.0585
2976.61			3899120.3782		1974.661		1974.5771
2977.0			3899120.3782		1974.661		1974.5771
2977.4			3337721.2957		1826.9885		1826.8978
2977.8			3337721.2957		1826.9885		1826.8978
2978.19			4825990.09		2196.8513		2196.7759
2978.59			4825990.09		2196.8513		2196.7759
2978.99			4906544.9611		2215.1096		2215.0348
2979.39			4906544.9611		2215.1096		2215.0348
2979.78			4651437.9313		2156.7576		2156.6809
2980.18			4651437.9313		2156.7576		2156.6809
2980.58			2699323.5826		1643.0122		1642.9114
2980.97			2699323.5826		1643.0122		1642.9114
2981.37			3361907.7945		1833.5958		1833.5054
2981.77			3361907.7945		1833.5958		1833.5054
2982.16			1590423.4216		1261.1856		1261.0543
2982.56			1590423.4216		1261.1856		1261.0543
2982.96			821984.8761		906.7251		906.5425
2983.35			821984.8761		906.7251		906.5425
2983.75			1320038.0769		1149.0012		1148.857
2984.15			1320038.0769		1149.0012		1148.857
2984.55			480681.4619		693.4314		693.1926
2984.94			480681.4619		693.4314		693.1926
2985.34			815555.1429		903.1726		902.9892
2985.74			815555.1429		903.1726		902.9892
2986.13			1167221.8373		1080.4571		1080.3038
2986.53			1167221.8373		1080.4571		1080.3038
2986.93			1554741.1849		1246.959		1246.8262
2987.32			1554741.1849		1246.959		1246.8262
2987.72			2816652.1703		1678.3378		1678.2391
2988.12			2816652.1703		1678.3378		1678.2391
2988.52			1217614.0581		1103.5305		1103.3805
2988.91			1217614.0581		1103.5305		1103.3805
2989.31			2473494.9573		1572.7875		1572.6822
2989.71			2473494.9573		1572.7875		1572.6822
2990.1			3084841.9297		1756.419		1756.3247
2990.5			3084841.9297		1756.419		1756.3247
2990.9			6143707.5099		2478.6837		2478.6169
2991.29			6143707.5099		2478.6837		2478.6169
2991.69			4881233.6399		2209.3889		2209.3139
2992.09			4881233.6399		2209.3889		2209.3139
2992.49			3442666.696		1855.4871		1855.3978
2992.88			3442666.696		1855.4871		1855.3978
2993.28			2227447.7409		1492.5191		1492.4082
2993.68			2227447.7409		1492.5191		1492.4082
2994.07			2286954.1236		1512.3226		1512.2131
2994.47			2286954.1236		1512.3226		1512.2131
2994.87			1323204.7349		1150.3783		1150.2344
2995.26			1323204.7349		1150.3783		1150.2344
2995.66			417722.2768		646.4425		646.1863
2996.06			417722.2768		646.4425		646.1863
2996.46			1122662.7445		1059.6359		1059.4797
2996.85			1122662.7445		1059.6359		1059.4797
2997.25			2645061.2918		1626.4154		1626.3135
2997.65			2645061.2918		1626.4154		1626.3135
2998.04			4101340.692		2025.2176		2025.1358
2998.44			4101340.692		2025.2176		2025.1358
2998.84			4166207.124		2041.1695		2041.0883
2999.23			4166207.124		2041.1695		2041.0883
2999.63			2995175.7351		1730.7054		1730.6098
3000.03			2995175.7351		1730.7054		1730.6098
3000.42			951991.5337		975.7854		975.6157
3000.82			951991.5337		975.7854		975.6157
3001.22			850058.6515		922.0761		921.8965
3001.62			850058.6515		922.0761		921.8965
3002.01			451572.3581		672.1145		671.8682
3002.41			451572.3581		672.1145		671.8682
3002.81			826581.6531		909.2564		909.0743
3003.2			826581.6531		909.2564		909.0743
3003.6			656896.4089		810.5936		810.3893
3004.0			656896.4089		810.5936		810.3893
3004.39			799484.3548		894.2315		894.0463
3004.79			799484.3548		894.2315		894.0463
3005.19			2004376.8996		1415.8187		1415.7017
3005.59			2004376.8996		1415.8187		1415.7017
3005.98			3883868.1017		1970.7952		1970.7112
3006.38			3883868.1017		1970.7952		1970.7112
3006.78			4818142.7037		2195.0645		2194.9891
3007.17			4818142.7037		2195.0645		2194.9891
3007.57			3660447.7509		1913.2729		1913.1864
3007.97			3660447.7509		1913.2729		1913.1864
3008.36			938738.2565		968.9705		968.7996
3008.76			938738.2565		968.9705		968.7996
3009.16			659793.7867		812.3788		812.175
3009.56			659793.7867		812.3788		812.175
3009.95			1308159.5401		1143.8204		1143.6756
3010.35			1308159.5401		1143.8204		1143.6756
3010.75			1273515.3465		1128.5747		1128.428
3011.14			1273515.3465		1128.5747		1128.428
3011.54			4206950.6188		2051.1256		2051.0449
3011.94			4206950.6188		2051.1256		2051.0449
3012.33			3208618.4155		1791.3079		1791.2155
3012.73			3208618.4155		1791.3079		1791.2155
3013.13			1322634.8993		1150.1306		1149.9867
3013.52			1322634.8993		1150.1306		1149.9867
3013.92			3172733.8388		1781.2634		1781.1705
3014.32			3172733.8388		1781.2634		1781.1705
3014.72			4151695.6256		2037.6116		2037.5304
3015.11			4151695.6256		2037.6116		2037.5304
3015.51			3903958.1513		1975.8856		1975.8018
3015.91			3903958.1513		1975.8856		1975.8018
3016.3			2323160.3983		1524.246		1524.1374
3016.7			2323160.3983		1524.246		1524.1374
3017.1			2100425.5345		1449.3416		1449.2274
3017.49			2100425.5345		1449.3416		1449.2274
3017.89			2765810.1958		1663.1223		1663.0227
3018.29			2765810.1958		1663.1223		1663.0227
3018.69			1073680.1007		1036.2653		1036.1055
3019.08			1073680.1007		1036.2653		1036.1055
3019.48			1222275.8307		1105.6407		1105.491
3019.88			1222275.8307		1105.6407		1105.491
3020.27			583216.9464		763.7948		763.578
3020.67			583216.9464		763.7948		763.578
3021.07			530155.5946		728.2316		728.0042
3021.46			530155.5946		728.2316		728.0042
3021.86			187547.1141		433.2583		432.876
3022.26			187547.1141		433.2583		432.876
3022.66			464980.6139		682.0163		681.7735
3023.05			464980.6139		682.0163		681.7735
3023.45			1092057.7991		1045.0949		1044.9365
3023.85			1092057.7991		1045.0949		1044.9365
3024.24			2040527.223		1428.5282		1428.4123
3024.64			2040527.223		1428.5282		1428.4123
3025.04			1419992.3728		1191.7038		1191.5649
3025.43			1419992.3728		1191.7038		1191.5649
3025.83			1825908.9367		1351.3233		1351.2007
3026.23			1825908.9367		1351.3233		1351.2007
3026.62			809171.6116		899.6317		899.4476
3027.02			809171.6116		899.6317		899.4476
3027.42			808432.4406		899.2208		899.0366
3027.82			808432.4406		899.2208		899.0366
3028.21			3866539.4282		1966.3939		1966.3097
3028.61			3866539.4282		1966.3939		1966.3097
3029.01			4707179.7944		2169.6418		2169.5654
3029.4			4707179.7944		2169.6418		2169.5654
3029.8			5416632.7231		2327.4016		2327.3305
3030.2			5416632.7231		2327.4016		2327.3305
3030.59			4394333.8746		2096.3062		2096.2272
3030.99			4394333.8746		2096.3062		2096.2272
3031.39			3983883.8228		1996.0084		1995.9254
3031.79			3983883.8228		1996.0084		1995.9254
3032.18			3239770.6475		1799.9823		1799.8903
3032.58			3239770.6475		1799.9823		1799.8903
3032.98			2578602.7839		1605.8544		1605.7513
3033.37			2578602.7839		1605.8544		1605.7513
3033.77			6601145.3629		2569.3016		2569.2372
3034.17			6601145.3629		2569.3016		2569.2372
3034.56			6061876.2928		2462.1214		2462.0542
3034.96			6061876.2928		2462.1214		2462.0542
3035.36			3948507.2367		1987.1268		1987.0434
3035.76			3948507.2367		1987.1268		1987.0434
3036.15			4926782.5477		2219.673		2219.5984
3036.55			4926782.5477		2219.673		2219.5984
3036.95			4350099.3482		2085.7289		2085.6495
3037.34			4350099.3482		2085.7289		2085.6495
3037.74			2334554.6965		1527.9792		1527.8708
3038.14			2334554.6965		1527.9792		1527.8708
3038.53			525371.2076		724.9392		724.7107
3038.93			525371.2076		724.9392		724.7107
3039.33			1557451.1251		1248.0452		1247.9125
3039.73			1557451.1251		1248.0452		1247.9125
3040.12			3760212.0703		1939.1693		1939.0839
3040.52			3760212.0703		1939.1693		1939.0839
3040.92			3446482.651		1856.5151		1856.4259
3041.31			3446482.651		1856.5151		1856.4259
3041.71			2130902.1485		1459.8177		1459.7043
3042.11			2130902.1485		1459.8177		1459.7043
3042.5			3113614.8156		1764.5907		1764.4969
3042.9			3113614.8156		1764.5907		1764.4969
3043.3			1553529.5529		1246.4731		1246.3402
3043.69			1553529.5529		1246.4731		1246.3402
3044.09			2755910.4264		1660.1434		1660.0436
3044.49			2755910.4264		1660.1434		1660.0436
3044.89			4038876.1346		2009.7367		2009.6543
3045.28			4038876.1346		2009.7367		2009.6543
3045.68			4956426.1992		2226.3404		2226.2661
3046.08			4956426.1992		2226.3404		2226.2661
3046.47			4856122.2423		2203.6987		2203.6235
3046.87			4856122.2423		2203.6987		2203.6235
3047.27			3979467.6746		1994.9018		1994.8188
3047.66			3979467.6746		1994.9018		1994.8188
3048.06			1131701.8275		1063.8926		1063.7369
3048.46			1131701.8275		1063.8926		1063.7369
3048.86			580376.4977		761.9331		761.7158
3049.25			580376.4977		761.9331		761.7158
3049.65			1960925.3307		1400.3896		1400.2713
3050.05			1960925.3307		1400.3896		1400.2713
3050.44			3922884.573		1980.6691		1980.5855
3050.84			3922884.573		1980.6691		1980.5855
3051.24			3539501.4276		1881.4003		1881.3123
3051.63			3539501.4276		1881.4003		1881.3123
3052.03			1642005.7616		1281.4723		1281.3431
3052.43			1642005.7616		1281.4723		1281.3431
3052.83			5115574.3855		2261.8002		2261.7269
3053.22			5115574.3855		2261.8002		2261.7269
3053.62			4613434.4482		2147.9292		2147.8521
3054.02			4613434.4482		2147.9292		2147.8521
3054.41			3183360.6191		1784.2439		1784.1511
3054.81			3183360.6191		1784.2439		1784.1511
3055.21			1686714.6765		1298.7996		1298.672
3055.6			1686714.6765		1298.7996		1298.672
3056.0			3030367.1751		1740.8425		1740.7474
3056.4			3030367.1751		1740.8425		1740.7474
3056.79			4502135.8081		2121.8627		2121.7847
3057.19			4502135.8081		2121.8627		2121.7847
3057.59			3240262.1368		1800.1188		1800.0268
3057.99			3240262.1368		1800.1188		1800.0268
3058.38			1015038.0489		1007.5731		1007.4088
3058.78			1015038.0489		1007.5731		1007.4088
3059.18			822100.0813		906.7887		906.606
3059.57			822100.0813		906.7887		906.606
3059.97			665608.7232		815.95		815.747
3060.37			665608.7232		815.95		815.747
3060.76			1162791.8944		1078.4051		1078.2515
3061.16			1162791.8944		1078.4051		1078.2515
3061.56			2469062.8358		1571.3779		1571.2725
3061.96			2469062.8358		1571.3779		1571.2725
3062.35			4816511.8838		2194.693		2194.6176
3062.75			4816511.8838		2194.693		2194.6176
3063.15			4682062.8226		2163.8457		2163.7692
3063.54			4682062.8226		2163.8457		2163.7692
3063.94			7173173.9467		2678.3091		2678.2473
3064.34			7173173.9467		2678.3091		2678.2473
3064.73			5554186.8382		2356.7674		2356.6971
3065.13			5554186.8382		2356.7674		2356.6971
3065.53			3619443.3352		1902.527		1902.4399
3065.93			3619443.3352		1902.527		1902.4399
3066.32			5717560.2409		2391.1767		2391.1074
3066.72			5717560.2409		2391.1767		2391.1074
3067.12			5436167.1611		2331.5945		2331.5234
3067.51			5436167.1611		2331.5945		2331.5234
3067.91			1295209.2833		1138.1454		1137.9999
3068.31			1295209.2833		1138.1454		1137.9999
3068.7			1558686.4439		1248.54		1248.4073
3069.1			1558686.4439		1248.54		1248.4073
3069.5			4280784.3893		2069.0457		2068.9656
3069.9			4280784.3893		2069.0457		2068.9656
3070.29			7863118.5751		2804.1548		2804.0958
3070.69			7863118.5751		2804.1548		2804.0958
3071.09			7749276.4172		2783.782		2783.7225
3071.48			7749276.4172		2783.782		2783.7225
3071.88			6210178.5142		2492.0562		2491.9898
3072.28			6210178.5142		2492.0562		2491.9898
3072.67			6946284.0747		2635.6118		2635.549
3073.07			6946284.0747		2635.6118		2635.549
3073.47			4179028.0054		2044.3076		2044.2266
3073.86			4179028.0054		2044.3076		2044.2266
3074.26			4555393.9397		2134.3757		2134.2981
3074.66			4555393.9397		2134.3757		2134.2981
3075.06			5567785.0904		2359.6505		2359.5804
3075.45			5567785.0904		2359.6505		2359.5804
3075.85			5568102.3838		2359.7178		2359.6476
3076.25			5568102.3838		2359.7178		2359.6476
3076.64			1430524.2072		1196.1145		1195.976
3077.04			1430524.2072		1196.1145		1195.976
3077.44			3239181.2696		1799.8186		1799.7266
3077.83			3239181.2696		1799.8186		1799.7266
3078.23			6541825.3345		2557.7316		2557.6669
3078.63			6541825.3345		2557.7316		2557.6669
3079.03			5574921.4225		2361.1622		2361.0921
3079.42			5574921.4225		2361.1622		2361.0921
3079.82			4045998.5044		2011.5079		2011.4256
3080.22			4045998.5044		2011.5079		2011.4256
3080.61			5283525.5297		2298.6281		2298.5561
3081.01			5283525.5297		2298.6281		2298.5561
3081.41			5695936.4489		2386.6508		2386.5814
3081.8			5695936.4489		2386.6508		2386.5814
3082.2			4168615.2631		2041.7593		2041.6782
3082.6			4168615.2631		2041.7593		2041.6782
3083.0			2571072.9276		1603.5082		1603.4049
3083.39			2571072.9276		1603.5082		1603.4049
3083.79			2772182.4588		1665.037		1664.9375
3084.19			2772182.4588		1665.037		1664.9375
3084.58			2672651.488		1634.8753		1634.774
3084.98			2672651.488		1634.8753		1634.774
3085.38			4003893.2906		2001.0145		2000.9317
3085.77			4003893.2906		2001.0145		2000.9317
3086.17			8624111.8924		2936.712		2936.6556
3086.57			8624111.8924		2936.712		2936.6556
3086.96			8650985.9285		2941.284		2941.2277
3087.36			8650985.9285		2941.284		2941.2277
3087.76			6480428.3902		2545.7011		2545.636
3088.16			6480428.3902		2545.7011		2545.636
3088.55			6540207.0942		2557.4152		2557.3505
3088.95			6540207.0942		2557.4152		2557.3505
3089.35			3037127.2274		1742.7831		1742.688
3089.74			3037127.2274		1742.7831		1742.688
3090.14			5302352.908		2302.7198		2302.6479
3090.54			5302352.908		2302.7198		2302.6479
3090.93			4619768.3231		2149.4032		2149.3261
3091.33			4619768.3231		2149.4032		2149.3261
3091.73			3814184.3383		1953.0361		1952.9513
3092.13			3814184.3383		1953.0361		1952.9513
3092.52			1202347.3865		1096.5915		1096.4405
3092.92			1202347.3865		1096.5915		1096.4405
3093.32			1488274.4691		1220.0164		1219.8807
3093.71			1488274.4691		1220.0164		1219.8807
3094.11			724904.2593		851.5103		851.3159
3094.51			724904.2593		851.5103		851.3159
3094.9			2031873.4451		1425.4961		1425.3799
3095.3			2031873.4451		1425.4961		1425.3799
3095.7			4135168.9776		2033.5522		2033.4708
3096.1			4135168.9776		2033.5522		2033.4708
3096.49			3746005.3588		1935.5028		1935.4172
3096.89			3746005.3588		1935.5028		1935.4172
3097.29			2589755.1601		1609.3231		1609.2202
3097.68			2589755.1601		1609.3231		1609.2202
3098.08			955814.5349		977.7424		977.573
3098.48			955814.5349		977.7424		977.573
3098.87			2403080.5027		1550.2407		1550.1338
3099.27			2403080.5027		1550.2407		1550.1338
3099.67			3382002.8031		1839.0673		1838.9772
3100.06			3382002.8031		1839.0673		1838.9772
3100.46			2070933.3609		1439.1313		1439.0163
3100.86			2070933.3609		1439.1313		1439.0163
3101.26			745730.834		863.653		863.4612
3101.65			745730.834		863.653		863.4612
3102.05			961779.5281		980.788		980.6192
3102.45			961779.5281		980.788		980.6192
3102.84			969749.3992		984.8426		984.6745
3103.24			969749.3992		984.8426		984.6745
3103.64			3302900.9116		1817.434		1817.3429
3104.03			3302900.9116		1817.434		1817.3429
3104.43			6604148.5684		2569.886		2569.8216
3104.83			6604148.5684		2569.886		2569.8216
3105.23			8093348.0627		2844.9101		2844.8519
3105.62			8093348.0627		2844.9101		2844.8519
3106.02			7284130.0448		2698.9434		2698.8821
3106.42			7284130.0448		2698.9434		2698.8821
3106.81			5693065.3884		2386.0492		2385.9798
3107.21			5693065.3884		2386.0492		2385.9798
3107.61			7835669.7593		2799.2562		2799.1971
3108.0			7835669.7593		2799.2562		2799.1971
3108.4			6306704.0746		2511.3482		2511.2822
3108.8			6306704.0746		2511.3482		2511.2822
3109.2			7819909.1444		2796.4397		2796.3804
3109.59			7819909.1444		2796.4397		2796.3804
3109.99			7237850.1523		2690.3561		2690.2945
3110.39			7237850.1523		2690.3561		2690.2945
3110.78			8339304.9912		2887.8142		2887.7568
3111.18			8339304.9912		2887.8142		2887.7568
3111.58			4478984.3232		2116.4002		2116.322
3111.97			4478984.3232		2116.4002		2116.322
3112.37			5814098.6943		2411.2786		2411.2099
3112.77			5814098.6943		2411.2786		2411.2099
3113.17			7124158.2493		2669.1429		2669.0809
3113.56			7124158.2493		2669.1429		2669.0809
3113.96			9716243.4138		3117.1155		3117.0624
3114.36			9716243.4138		3117.1155		3117.0624
3114.75			6324668.097		2514.9222		2514.8564
3115.15			6324668.097		2514.9222		2514.8564
3115.55			6237236.799		2497.4792		2497.4129
3115.94			6237236.799		2497.4792		2497.4129
3116.34			5704967.3927		2388.542		2388.4727
3116.74			5704967.3927		2388.542		2388.4727
3117.13			7103002.0625		2665.1769		2665.1147
3117.53			7103002.0625		2665.1769		2665.1147
3117.93			5976522.9387		2444.7267		2444.6589
3118.33			5976522.9387		2444.7267		2444.6589
3118.72			7288580.8332		2699.7678		2699.7065
3119.12			7288580.8332		2699.7678		2699.7065
3119.52			4154879.9968		2038.3929		2038.3117
3119.91			4154879.9968		2038.3929		2038.3117
3120.31			6621224.9627		2573.2063		2573.1419
3120.71			6621224.9627		2573.2063		2573.1419
3121.1			4065955.1038		2016.4624		2016.3803
3121.5			4065955.1038		2016.4624		2016.3803
3121.9			4839874.6304		2200.0091		2199.9339
3122.3			4839874.6304		2200.0091		2199.9339
3122.69			6407454.423		2531.3277		2531.2623
3123.09			6407454.423		2531.3277		2531.2623
3123.49			6788406.4223		2605.4888		2605.4253
3123.88			6788406.4223		2605.4888		2605.4253
3124.28			7016670.5691		2648.9311		2648.8686
3124.68			7016670.5691		2648.9311		2648.8686
3125.07			9202189.8876		3033.5384		3033.4839
3125.47			9202189.8876		3033.5384		3033.4839
3125.87			7096018.7202		2663.8664		2663.8043
3126.27			7096018.7202		2663.8664		2663.8043
3126.66			3293225.741		1814.7703		1814.6791
3127.06			3293225.741		1814.7703		1814.6791
3127.46			6986964.7486		2643.3181		2643.2554
3127.85			6986964.7486		2643.3181		2643.2554
3128.25			6738126.3001		2595.822		2595.7582
3128.65			6738126.3001		2595.822		2595.7582
3129.04			8183698.012		2860.7453		2860.6874
3129.44			8183698.012		2860.7453		2860.6874
3129.84			6575961.9423		2564.3961		2564.3316
3130.23			6575961.9423		2564.3961		2564.3316
3130.63			5731503.3214		2394.0904		2394.0212
3131.03			5731503.3214		2394.0904		2394.0212
3131.43			7536929.1039		2745.377		2745.3166
3131.82			7536929.1039		2745.377		2745.3166
3132.22			7360388.6762		2713.0341		2712.9731
3132.62			7360388.6762		2713.0341		2712.9731
3133.01			6154776.2113		2480.9155		2480.8488
3133.41			6154776.2113		2480.9155		2480.8488
3133.81			4911274.6326		2216.1769		2216.1022
3134.2			4911274.6326		2216.1769		2216.1022
3134.6			4646526.0891		2155.6186		2155.5418
3135.0			4646526.0891		2155.6186		2155.5418
3135.4			2616594.5523		1617.6403		1617.5379
3135.79			2616594.5523		1617.6403		1617.5379
3136.19			6575273.5637		2564.2619		2564.1973
3136.59			6575273.5637		2564.2619		2564.1973
3136.98			7058433.925		2656.8025		2656.7402
3137.38			7058433.925		2656.8025		2656.7402
3137.78			6946349.5115		2635.6242		2635.5614
3138.17			6946349.5115		2635.6242		2635.5614
3138.57			8477839.9446		2911.7015		2911.6446
3138.97			8477839.9446		2911.7015		2911.6446
3139.37			8103498.8426		2846.6936		2846.6354
3139.76			8103498.8426		2846.6936		2846.6354
3140.16			8451868.5882		2907.2382		2907.1813
3140.56			8451868.5882		2907.2382		2907.1813
3140.95			6653651.0931		2579.4993		2579.4351
3141.35			6653651.0931		2579.4993		2579.4351
3141.75			6401116.3567		2530.0755		2530.01
3142.14			6401116.3567		2530.0755		2530.01
3142.54			9969209.9608		3157.4318		3157.3794
3142.94			9969209.9608		3157.4318		3157.3794
3143.33			6564357.6534		2562.1326		2562.0679
3143.73			6564357.6534		2562.1326		2562.0679
3144.13			4561438.0962		2135.7911		2135.7136
3144.53			4561438.0962		2135.7911		2135.7136
3144.92			5699004.2852		2387.2934		2387.2241
3145.32			5699004.2852		2387.2934		2387.2241
3145.72			5028284.3607		2242.4206		2242.3467
3146.11			5028284.3607		2242.4206		2242.3467
3146.51			5053762.5971		2248.0943		2248.0207
3146.91			5053762.5971		2248.0943		2248.0207
3147.3			8468462.5675		2910.0907		2910.0338
3147.7			8468462.5675		2910.0907		2910.0338
3148.1			6911279.536		2628.9627		2628.8998
3148.5			6911279.536		2628.9627		2628.8998
3148.89			4308821.5111		2075.81		2075.7302
3149.29			4308821.5111		2075.81		2075.7302
3149.69			8376627.5983		2894.269		2894.2118
3150.08			8376627.5983		2894.269		2894.2118
3150.48			9534478.2466		3087.8219		3087.7682
3150.88			9534478.2466		3087.8219		3087.7682
3151.27			8210032.7831		2865.3444		2865.2866
3151.67			8210032.7831		2865.3444		2865.2866
3152.07			9556528.942		3091.3904		3091.3368
3152.47			9556528.942		3091.3904		3091.3368
3152.86			6894223.8088		2625.7169		2625.6539
3153.26			6894223.8088		2625.7169		2625.6539
3153.66			6702600.6576		2588.9701		2588.9062
3154.05			6702600.6576		2588.9701		2588.9062
3154.45			7214330.5571		2685.9814		2685.9198
3154.85			7214330.5571		2685.9814		2685.9198
3155.24			7343601.1111		2709.9385		2709.8774
3155.64			7343601.1111		2709.9385		2709.8774
3156.04			7194818.581		2682.3468		2682.285
3156.44			7194818.581		2682.3468		2682.285
3156.83			6746960.6416		2597.5231		2597.4593
3157.23			6746960.6416		2597.5231		2597.4593
3157.63			7029711.3656		2651.3915		2651.3291
3158.02			7029711.3656		2651.3915		2651.3291
3158.42			4857241.0749		2203.9525		2203.8774
3158.82			4857241.0749		2203.9525		2203.8774
3159.21			5105560.2693		2259.5853		2259.512
3159.61			5105560.2693		2259.5853		2259.512
3160.01			3266775.2157		1807.4681		1807.3764
3160.4			3266775.2157		1807.4681		1807.3764
3160.8			5191689.0919		2278.5642		2278.4915
3161.2			5191689.0919		2278.5642		2278.4915
3161.6			4740905.1608		2177.4		2177.3239
3161.99			4740905.1608		2177.4		2177.3239
3162.39			2867230.4297		1693.3387		1693.2409
3162.79			2867230.4297		1693.3387		1693.2409
3163.18			3763528.3428		1940.0242		1939.9389
3163.58			3763528.3428		1940.0242		1939.9389
3163.98			5708540.5672		2389.2899		2389.2206
3164.37			5708540.5672		2389.2899		2389.2206
3164.77			7392277.3418		2718.9047		2718.8438
3165.17			7392277.3418		2718.9047		2718.8438
3165.57			7574793.0692		2752.2643		2752.2041
3165.96			7574793.0692		2752.2643		2752.2041
3166.36			5353863.8589		2313.8776		2313.806
3166.76			5353863.8589		2313.8776		2313.806
3167.15			5232388.3548		2287.4776		2287.4052
3167.55			5232388.3548		2287.4776		2287.4052
3167.95			7770549.7201		2787.6003		2787.5409
3168.34			7770549.7201		2787.6003		2787.5409
3168.74			7450377.6629		2729.5683		2729.5077
3169.14			7450377.6629		2729.5683		2729.5077
3169.54			3891131.1335		1972.637		1972.5531
3169.93			3891131.1335		1972.637		1972.5531
3170.33			6891762.9324		2625.2483		2625.1852
3170.73			6891762.9324		2625.2483		2625.1852
3171.12			7646443.212		2765.2502		2765.1903
3171.52			7646443.212		2765.2502		2765.1903
3171.92			9086164.9257		3014.3541		3014.2991
3172.31			9086164.9257		3014.3541		3014.2991
3172.71			8923679.9841		2987.2806		2987.2252
3173.11			8923679.9841		2987.2806		2987.2252
3173.5			8940233.7956		2990.0501		2989.9947
3173.9			8940233.7956		2990.0501		2989.9947
3174.3			7794177.0613		2791.835		2791.7757
3174.7			7794177.0613		2791.835		2791.7757
3175.09			8406172.4801		2899.3686		2899.3114
3175.49			8406172.4801		2899.3686		2899.3114
3175.89			10330123.6203		3214.0767		3214.0252
3176.28			10330123.6203		3214.0767		3214.0252
3176.68			5413449.7602		2326.7177		2326.6465
3177.08			5413449.7602		2326.7177		2326.6465
3177.47			7839687.3621		2799.9737		2799.9146
3177.87			7839687.3621		2799.9737		2799.9146
3178.27			10037195.1689		3168.1794		3168.1271
3178.67			10037195.1689		3168.1794		3168.1271
3179.06			6692291.7798		2586.9784		2586.9144
3179.46			6692291.7798		2586.9784		2586.9144
3179.86			4693569.8477		2166.503		2166.4266
3180.25			4693569.8477		2166.503		2166.4266
3180.65			3244807.571		1801.3809		1801.289
3181.05			3244807.571		1801.3809		1801.289
3181.44			3438084.5682		1854.2519		1854.1626
3181.84			3438084.5682		1854.2519		1854.1626
3182.24			4714936.1331		2171.4285		2171.3522
3182.64			4714936.1331		2171.4285		2171.3522
3183.03			3298601.4458		1816.2508		1816.1596
3183.43			3298601.4458		1816.2508		1816.1596
3183.83			4754715.4929		2180.569		2180.493
3184.22			4754715.4929		2180.569		2180.493
3184.62			5361058.7927		2315.4318		2315.3603
3185.02			5361058.7927		2315.4318		2315.3603
3185.41			5108448.1215		2260.2243		2260.151
3185.81			5108448.1215		2260.2243		2260.151
3186.21			4382301.7256		2093.4343		2093.3552
3186.6			4382301.7256		2093.4343		2093.3552
3187.0			7514785.6459		2741.3411		2741.2807
3187.4			7514785.6459		2741.3411		2741.2807
3187.8			5547760.2081		2355.4035		2355.3332
3188.19			5547760.2081		2355.4035		2355.3332
3188.59			8425762.09		2902.7449		2902.6878
3188.99			8425762.09		2902.7449		2902.6878
3189.38			6876857.2683		2622.4078		2622.3447
3189.78			6876857.2683		2622.4078		2622.3447
3190.18			8666310.574		2943.8879		2943.8317
3190.57			8666310.574		2943.8879		2943.8317
3190.97			9702306.0123		3114.8791		3114.8259
3191.37			9702306.0123		3114.8791		3114.8259
3191.77			6673699.6111		2583.3825		2583.3184
3192.16			6673699.6111		2583.3825		2583.3184
3192.56			3068460.1071		1751.7493		1751.6548
3192.96			3068460.1071		1751.7493		1751.6548
3193.35			2980870.369		1726.5677		1726.4718
3193.75			2980870.369		1726.5677		1726.4718
3194.15			1763640.8558		1328.0838		1327.9591
3194.54			1763640.8558		1328.0838		1327.9591
3194.94			3381267.6524		1838.8674		1838.7773
3195.34			3381267.6524		1838.8674		1838.7773
3195.74			4983430.1254		2232.3969		2232.3227
3196.13			4983430.1254		2232.3969		2232.3227
3196.53			5774661.1316		2403.0869		2403.018
3196.93			5774661.1316		2403.0869		2403.018
3197.32			2906575.2659		1704.9167		1704.8195
3197.72			2906575.2659		1704.9167		1704.8195
3198.12			2407102.5576		1551.5374		1551.4306
3198.51			2407102.5576		1551.5374		1551.4306
3198.91			6848091.5588		2616.9175		2616.8542
3199.31			6848091.5588		2616.9175		2616.8542
3199.71			8672581.634		2944.9528		2944.8966
3200.1			8672581.634		2944.9528		2944.8966
3200.5			5528698.8251		2351.3537		2351.2833
3200.9			5528698.8251		2351.3537		2351.2833
3201.29			3291453.1577		1814.2819		1814.1906
3201.69			3291453.1577		1814.2819		1814.1906
3202.09			5812320.7018		2410.9098		2410.8412
3202.48			5812320.7018		2410.9098		2410.8412
3202.88			7115819.505		2667.5804		2667.5183
3203.28			7115819.505		2667.5804		2667.5183
3203.67			6128168.182		2475.5472		2475.4803
3204.07			6128168.182		2475.5472		2475.4803
3204.47			7317382.6561		2705.0967		2705.0355
3204.87			7317382.6561		2705.0967		2705.0355
3205.26			9011711.2345		3001.9788		3001.9237
3205.66			9011711.2345		3001.9788		3001.9237
3206.06			8078851.413		2842.3612		2842.3029
3206.45			8078851.413		2842.3612		2842.3029
3206.85			6896531.1806		2626.1563		2626.0932
3207.25			6896531.1806		2626.1563		2626.0932
3207.64			10683881.8437		3268.6461		3268.5955
3208.04			10683881.8437		3268.6461		3268.5955
3208.44			6198105.8812		2489.6328		2489.5663
3208.84			6198105.8812		2489.6328		2489.5663
3209.23			8062066.5791		2839.407		2839.3487
3209.63			8062066.5791		2839.407		2839.3487
3210.03			5595182.4749		2365.4488		2365.3788
3210.42			5595182.4749		2365.4488		2365.3788
3210.82			5921603.2487		2433.4685		2433.4004
3211.22			5921603.2487		2433.4685		2433.4004
3211.61			3074455.0407		1753.4596		1753.3652
3212.01			3074455.0407		1753.4596		1753.3652
3212.41			2980107.7829		1726.3468		1726.2509
3212.81			2980107.7829		1726.3468		1726.2509
3213.2			2993710.8264		1730.2822		1730.1865
3213.6			2993710.8264		1730.2822		1730.1865
3214.0			5009602.3426		2238.2511		2238.1771
3214.39			5009602.3426		2238.2511		2238.1771
3214.79			3194011.3443		1787.226		1787.1334
3215.19			3194011.3443		1787.226		1787.1334
3215.58			3341567.2584		1828.0407		1827.9501
3215.98			3341567.2584		1828.0407		1827.9501
3216.38			5949697.0673		2439.234		2439.1661
3216.77			5949697.0673		2439.234		2439.1661
3217.17			5369773.1642		2317.3128		2317.2414
3217.57			5369773.1642		2317.3128		2317.2414
3217.97			3750736.8278		1936.7247		1936.6392
3218.36			3750736.8278		1936.7247		1936.6392
3218.76			5467510.4883		2338.3062		2338.2354
3219.16			5467510.4883		2338.3062		2338.2354
3219.55			8443603.8761		2905.8165		2905.7595
3219.95			8443603.8761		2905.8165		2905.7595
3220.35			4712134.9219		2170.7834		2170.7071
3220.74			4712134.9219		2170.7834		2170.7071
3221.14			4510930.858		2123.9342		2123.8562
3221.54			4510930.858		2123.9342		2123.8562
3221.94			8354916.714		2890.5159		2890.4586
3222.33			8354916.714		2890.5159		2890.4586
3222.73			3645751.5869		1909.4285		1909.3418
3223.13			3645751.5869		1909.4285		1909.3418
3223.52			3896191.0954		1973.9191		1973.8352
3223.92			3896191.0954		1973.9191		1973.8352
3224.32			5711616.8425		2389.9336		2389.8643
3224.71			5711616.8425		2389.9336		2389.8643
3225.11			7949959.0322		2819.5965		2819.5378
3225.51			7949959.0322		2819.5965		2819.5378
3225.91			6223494.6611		2494.7265		2494.6601
3226.3			6223494.6611		2494.7265		2494.6601
3226.7			3075095.0925		1753.6421		1753.5477
3227.1			3075095.0925		1753.6421		1753.5477
3227.49			3539211.8526		1881.3233		1881.2353
3227.89			3539211.8526		1881.3233		1881.2353
3228.29			3918357.0109		1979.5259		1979.4422
3228.68			3918357.0109		1979.5259		1979.4422
3229.08			2200696.6946		1483.5303		1483.4187
3229.48			2200696.6946		1483.5303		1483.4187
3229.88			3820055.84		1954.5387		1954.454
3230.27			3820055.84		1954.5387		1954.454
3230.67			2561761.6218		1600.6021		1600.4987
3231.07			2561761.6218		1600.6021		1600.4987
3231.46			4165959.8056		2041.1089		2041.0277
3231.86			4165959.8056		2041.1089		2041.0277
3232.26			4311202.0378		2076.3833		2076.3036
3232.65			4311202.0378		2076.3833		2076.3036
3233.05			5780568.3146		2404.3157		2404.2468
3233.45			5780568.3146		2404.3157		2404.2468
3233.84			4330395.5253		2081.0		2080.9205
3234.24			4330395.5253		2081.0		2080.9205
3234.64			4660216.6122		2158.7918		2158.7151
3235.04			4660216.6122		2158.7918		2158.7151
3235.43			2163972.7645		1471.1011		1470.9885
3235.83			2163972.7645		1471.1011		1470.9885
3236.23			3892726.3768		1973.0413		1972.9574
3236.62			3892726.3768		1973.0413		1972.9574
3237.02			4584673.171		2141.2237		2141.1463
3237.42			4584673.171		2141.2237		2141.1463
3237.81			2941445.641		1715.1126		1715.016
3238.21			2941445.641		1715.1126		1715.016
3238.61			5656701.6306		2378.417		2378.3473
3239.01			5656701.6306		2378.417		2378.3473
3239.4			6699405.8896		2588.353		2588.2891
3239.8			6699405.8896		2588.353		2588.2891
3240.2			3268117.8496		1807.8394		1807.7478
3240.59			3268117.8496		1807.8394		1807.7478
3240.99			6022164.7081		2454.0437		2453.9762
3241.39			6022164.7081		2454.0437		2453.9762
3241.78			7518566.9584		2742.0307		2741.9703
3242.18			7518566.9584		2742.0307		2741.9703
3242.58			7770735.1736		2787.6335		2787.5741
3242.98			7770735.1736		2787.6335		2787.5741
3243.37			5407410.8085		2325.4196		2325.3484
3243.77			5407410.8085		2325.4196		2325.3484
3244.17			4212912.7315		2052.5785		2052.4978
3244.56			4212912.7315		2052.5785		2052.4978
3244.96			3630183.0642		1905.3474		1905.2605
3245.36			3630183.0642		1905.3474		1905.2605
3245.75			8686457.799		2947.3078		2947.2516
3246.15			8686457.799		2947.3078		2947.2516
3246.55			7447800.3655		2729.0962		2729.0355
3246.94			7447800.3655		2729.0962		2729.0355
3247.34			7501803.5581		2738.9723		2738.9118
3247.74			7501803.5581		2738.9723		2738.9118
3248.14			5420245.8779		2328.1777		2328.1066
3248.53			5420245.8779		2328.1777		2328.1066
3248.93			3615667.4838		1901.5344		1901.4473
3249.33			3615667.4838		1901.5344		1901.4473
3249.72			3998716.6445		1999.7205		1999.6377
3250.12			3998716.6445		1999.7205		1999.6377
3250.52			6286598.7175		2507.3421		2507.276
3250.91			6286598.7175		2507.3421		2507.276
3251.31			9082115.4653		3013.6823		3013.6274
3251.71			9082115.4653		3013.6823		3013.6274
3252.11			6962168.7756		2638.6236		2638.5608
3252.5			6962168.7756		2638.6236		2638.5608
3252.9			6806936.4744		2609.0424		2608.9789
3253.3			6806936.4744		2609.0424		2608.9789
3253.69			6800638.2347		2607.8351		2607.7716
3254.09			6800638.2347		2607.8351		2607.7716
3254.49			6734793.9099		2595.1801		2595.1162
3254.88			6734793.9099		2595.1801		2595.1162
3255.28			4382064.8446		2093.3778		2093.2987
3255.68			4382064.8446		2093.3778		2093.2987
3256.08			10216934.2259		3196.4198		3196.368
3256.47			10216934.2259		3196.4198		3196.368
3256.87			8578458.542		2928.9288		2928.8723
3257.27			8578458.542		2928.9288		2928.8723
3257.66			9546542.7072		3089.7748		3089.7212
3258.06			9546542.7072		3089.7748		3089.7212
3258.46			8099051.0894		2845.9123		2845.8541
3258.85			8099051.0894		2845.9123		2845.8541
3259.25			9559900.0558		3091.9356		3091.882
3259.65			9559900.0558		3091.9356		3091.882
3260.04			9298124.1462		3049.3097		3049.2554
3260.44			9298124.1462		3049.3097		3049.2554
3260.84			8165921.8449		2857.6367		2857.5787
3261.24			8165921.8449		2857.6367		2857.5787
3261.63			9267156.0092		3044.2276		3044.1732
3262.03			9267156.0092		3044.2276		3044.1732
3262.43			7711537.6176		2776.9954		2776.9357
3262.82			7711537.6176		2776.9954		2776.9357
3263.22			7219018.5742		2686.854		2686.7923
3263.62			7219018.5742		2686.854		2686.7923
3264.01			7727412.1659		2779.8521		2779.7925
3264.41			7727412.1659		2779.8521		2779.7925
3264.81			7353211.0963		2711.711		2711.65
3265.21			7353211.0963		2711.711		2711.65
3265.6			6569858.4314		2563.2058		2563.1412
3266.0			6569858.4314		2563.2058		2563.1412
3266.4			3798546.1022		1949.0284		1948.9434
3266.79			3798546.1022		1949.0284		1948.9434
3267.19			8229058.2352		2868.6624		2868.6047
3267.59			8229058.2352		2868.6624		2868.6047
3267.98			10748799.8247		3278.5615		3278.511
3268.38			10748799.8247		3278.5615		3278.511
3268.78			9911563.8867		3148.2899		3148.2373
3269.18			9911563.8867		3148.2899		3148.2373
3269.57			7709004.4424		2776.5392		2776.4796
3269.97			7709004.4424		2776.5392		2776.4796
3270.37			7712736.4399		2777.2112		2777.1516
3270.76			7712736.4399		2777.2112		2777.1516
3271.16			7096617.1028		2663.9787		2663.9166
3271.56			7096617.1028		2663.9787		2663.9166
3271.95			6543593.4923		2558.0772		2558.0125
3272.35			6543593.4923		2558.0772		2558.0125
3272.75			4888088.5444		2210.9397		2210.8648
3273.15			4888088.5444		2210.9397		2210.8648
3273.54			7765912.8649		2786.7685		2786.709
3273.94			7765912.8649		2786.7685		2786.709
3274.34			8356888.0364		2890.8569		2890.7996
3274.73			8356888.0364		2890.8569		2890.7996
3275.13			4863228.5091		2205.3104		2205.2353
3275.53			4863228.5091		2205.3104		2205.2353
3275.92			9370235.6825		3061.1111		3061.057
3276.32			9370235.6825		3061.1111		3061.057
3276.72			8734780.6597		2955.4942		2955.4382
3277.11			8734780.6597		2955.4942		2955.4382
3277.51			6515751.4426		2552.6294		2552.5646
3277.91			6515751.4426		2552.6294		2552.5646
3278.31			6554394.7341		2560.1876		2560.1229
3278.7			6554394.7341		2560.1876		2560.1229
3279.1			6546118.091		2558.5706		2558.5059
3279.5			6546118.091		2558.5706		2558.5059
3279.89			6896812.5279		2626.2098		2626.1468
3280.29			6896812.5279		2626.2098		2626.1468
3280.69			8025682.7298		2832.9928		2832.9344
3281.08			8025682.7298		2832.9928		2832.9344
3281.48			8270401.3473		2875.8593		2875.8018
3281.88			8270401.3473		2875.8593		2875.8018
3282.28			7430389.4646		2725.9044		2725.8437
3282.67			7430389.4646		2725.9044		2725.8437
3283.07			7790313.8516		2791.143		2791.0837
3283.47			7790313.8516		2791.143		2791.0837
3283.86			5370550.6169		2317.4806		2317.4091
3284.26			5370550.6169		2317.4806		2317.4091
3284.66			8147682.4247		2854.4436		2854.3855
3285.05			8147682.4247		2854.4436		2854.3855
3285.45			8619198.079		2935.8753		2935.8189
3285.85			8619198.079		2935.8753		2935.8189
3286.25			8727393.4372		2954.2442		2954.1882
3286.64			8727393.4372		2954.2442		2954.1882
3287.04			8003676.6691		2829.1063		2829.0477
3287.44			8003676.6691		2829.1063		2829.0477
3287.83			3586312.6337		1893.7999		1893.7125
3288.23			3586312.6337		1893.7999		1893.7125
3288.63			7111458.2012		2666.7628		2666.7007
3289.02			7111458.2012		2666.7628		2666.7007
3289.42			8375802.8425		2894.1265		2894.0693
3289.82			8375802.8425		2894.1265		2894.0693
3290.21			8239410.7414		2870.4662		2870.4085
3290.61			8239410.7414		2870.4662		2870.4085
3291.01			10694196.8622		3270.2236		3270.173
3291.41			10694196.8622		3270.2236		3270.173
3291.8			7147216.665		2673.4589		2673.3969
3292.2			7147216.665		2673.4589		2673.3969
3292.6			7591828.9668		2755.3574		2755.2973
3292.99			7591828.9668		2755.3574		2755.2973
3293.39			7180468.7028		2679.6706		2679.6088
3293.79			7180468.7028		2679.6706		2679.6088
3294.18			8559312.485		2925.6586		2925.602
3294.58			8559312.485		2925.6586		2925.602
3294.98			9747802.8099		3122.1737		3122.1206
3295.38			9747802.8099		3122.1737		3122.1206
3295.77			12629288.9815		3553.7944		3553.7478
3296.17			12629288.9815		3553.7944		3553.7478
3296.57			8769565.2234		2961.3731		2961.3172
3296.96			8769565.2234		2961.3731		2961.3172
3297.36			9887004.0619		3144.387		3144.3343
3297.76			9887004.0619		3144.387		3144.3343
3298.15			10860527.0232		3295.5565		3295.5062
3298.55			10860527.0232		3295.5565		3295.5062
3298.95			8926270.8422		2987.7143		2987.6588
3299.35			8926270.8422		2987.7143		2987.6588
3299.74			8881453.8564		2980.2046		2980.149
3300.14			8881453.8564		2980.2046		2980.149
3300.54			11126332.7702		3335.6406		3335.591
3300.93			11126332.7702		3335.6406		3335.591
3301.33			12952145.5459		3598.9319		3598.8859
3301.73			12952145.5459		3598.9319		3598.8859
3302.12			11520147.7209		3394.1587		3394.1099
3302.52			11520147.7209		3394.1587		3394.1099
3302.92			6549433.262		2559.2184		2559.1537
3303.31			6549433.262		2559.2184		2559.1537
3303.71			5670905.5766		2381.4011		2381.3316
3304.11			5670905.5766		2381.4011		2381.3316
3304.51			6961630.8352		2638.5216		2638.4589
3304.9			6961630.8352		2638.5216		2638.4589
3305.3			9695287.2263		3113.7522		3113.699
3305.7			9695287.2263		3113.7522		3113.699
3306.09			8716253.1064		2952.3582		2952.3021
3306.49			8716253.1064		2952.3582		2952.3021
3306.89			5536842.4431		2353.0848		2353.0144
3307.28			5536842.4431		2353.0848		2353.0144
3307.68			3384933.8814		1839.864		1839.774
3308.08			3384933.8814		1839.864		1839.774
3308.48			7079268.8307		2660.7207		2660.6584
3308.87			7079268.8307		2660.7207		2660.6584
3309.27			9135032.8072		3022.4491		3022.3943
3309.67			9135032.8072		3022.4491		3022.3943
3310.06			8262927.4582		2874.5596		2874.502
3310.46			8262927.4582		2874.5596		2874.502
3310.86			9205064.6651		3034.0122		3033.9577
3311.25			9205064.6651		3034.0122		3033.9577
3311.65			7572436.3521		2751.8361		2751.7759
3312.05			7572436.3521		2751.8361		2751.7759
3312.45			9169721.7043		3028.1822		3028.1275
3312.84			9169721.7043		3028.1822		3028.1275
3313.24			6909977.5021		2628.7151		2628.6521
3313.64			6909977.5021		2628.7151		2628.6521
3314.03			7769235.8525		2787.3646		2787.3052
3314.43			7769235.8525		2787.3646		2787.3052
3314.83			7804806.0686		2793.7379		2793.6787
3315.22			7804806.0686		2793.7379		2793.6787
3315.62			5353646.1775		2313.8305		2313.759
3316.02			5353646.1775		2313.8305		2313.759
3316.42			4738667.0889		2176.886		2176.8099
3316.81			4738667.0889		2176.886		2176.8099
3317.21			6606601.4943		2570.3632		2570.2988
3317.61			6606601.4943		2570.3632		2570.2988
3318.0			7707156.1637		2776.2064		2776.1467
3318.4			7707156.1637		2776.2064		2776.1467
3318.8			9141920.5058		3023.5883		3023.5335
3319.19			9141920.5058		3023.5883		3023.5335
3319.59			10247503.5831		3201.1981		3201.1464
3319.99			10247503.5831		3201.1981		3201.1464
3320.38			8249772.5649		2872.2706		2872.2129
3320.78			8249772.5649		2872.2706		2872.2129
3321.18			8001909.5988		2828.7939		2828.7354
3321.58			8001909.5988		2828.7939		2828.7354
3321.97			7211929.4742		2685.5344		2685.4727
3322.37			7211929.4742		2685.5344		2685.4727
3322.77			7147544.9613		2673.5203		2673.4583
3323.16			7147544.9613		2673.5203		2673.4583
3323.56			4733796.9387		2175.7671		2175.691
3323.96			4733796.9387		2175.7671		2175.691
3324.35			6139662.8729		2477.8677		2477.8009
3324.75			6139662.8729		2477.8677		2477.8009
3325.15			6663553.859		2581.4181		2581.354
3325.55			6663553.859		2581.4181		2581.354
3325.94			9028407.8707		3004.7585		3004.7034
3326.34			9028407.8707		3004.7585		3004.7034
3326.74			10708181.9439		3272.3612		3272.3106
3327.13			10708181.9439		3272.3612		3272.3106
3327.53			9679267.6979		3111.1788		3111.1255
3327.93			9679267.6979		3111.1788		3111.1255
3328.32			7833911.3417		2798.9421		2798.8829
3328.72			7833911.3417		2798.9421		2798.8829
3329.12			9394899.1213		3065.137		3065.083
3329.52			9394899.1213		3065.137		3065.083
3329.91			7755267.5501		2784.8578		2784.7984
3330.31			7755267.5501		2784.8578		2784.7984
3330.71			5573651.1965		2360.8932		2360.8231
3331.1			5573651.1965		2360.8932		2360.8231
